78
-76 -60
-21 61
-66 -89
31 59
6 41
-63 27
11 -60
16 -44
-49 -18
-8 40
53 63
-15 33
-20 80
46 94
-86 -77
-1 -79
-99 -89
64 -68
87 64
81 -30
47 13
-87 31
-80 17
-87 -20
-15 -74
64 59
61 -66
100 65
81 -14
-91 -47
-66 83
38 -7
-92 -40
-99 36
76 100
39 79
41 16
3 87
100 -14
-44 26
-10 -52
-18 -24
-30 40
-65 92
47 -17
52 23
-80 21
-60 -43
-54 -68
79 39
-21 13
-78 61
14 94
-94 66
-91 13
100 47
76 -75
-28 -61
-10 -61
8 46
-64 36
29 -50
77 -37
94 -30
-43 -51
96 -58
-89 87
13 -16
21 54
57 23
95 24
-50 64
-48 -27
53 30
-41 16
31 84
23 97
96 85
