142
41 -63
-45 -51
94 18
64 -66
-30 60
-7 -79
-25 10
-30 3
4 -74
-31 -13
29 -7
27 45
-63 5
51 -21
-42 -44
88 38
-63 19
-24 6
51 -80
-2 -67
67 -51
67 -69
-8 -73
-91 -55
81 -94
58 -71
54 95
-71 -69
-27 53
6 -85
5 75
-82 81
-17 -18
45 48
52 25
59 -28
-23 -90
73 73
-94 44
60 96
67 -3
64 42
99 -71
65 -18
18 83
-20 61
14 -5
1 67
71 65
-100 -92
83 -5
-96 -89
55 17
77 44
-56 78
-59 91
-57 -28
47 -13
4 90
-87 98
93 27
-30 47
45 67
-42 -77
5 -100
-35 76
68 63
-78 -66
-40 29
-38 40
-99 55
-20 65
-84 -3
53 -14
15 62
-78 -58
-68 -32
-35 66
35 99
-44 85
-45 92
94 -79
62 35
73 14
-33 67
-10 40
12 -82
41 87
-34 -81
-53 -45
-79 80
-89 17
-77 -30
-51 -18
73 51
-76 58
36 -4
-27 3
75 51
92 -26
-2 19
-94 -96
2 -10
-78 82
-98 49
-61 35
38 76
-8 18
-92 21
-78 -23
13 89
-22 72
71 98
-66 -72
-76 -13
79 -59
95 7
-71 -1
-3 14
-28 42
14 35
93 -3
-1 83
67 41
17 -79
-21 30
-92 95
-11 87
90 -19
64 -95
2 55
17 -63
53 35
-56 -70
3 49
79 58
-35 -58
2 18
-27 51
58 43
-27 -30
19 -62
