186
842 150
816 -387
108 -307
-288 325
380 -741
470 420
-997 69
-876 195
904 21
-766 1000
597 -986
53 612
739 181
-790 -182
-503 479
-90 13
-946 926
91 286
611 278
-89 -198
-411 123
62 986
949 -869
-767 26
-300 822
-764 -867
452 733
-655 -367
-893 349
-752 -452
-402 -116
658 441
177 978
-911 828
281 884
531 -264
-707 683
745 438
-610 901
264 578
817 -859
-84 -68
438 665
985 -674
-547 46
710 -574
-60 10
-48 243
979 -41
574 -150
711 -158
815 16
-168 -538
160 237
683 817
203 855
782 -172
552 -91
348 67
-690 616
178 90
-629 799
343 451
-717 -753
969 63
373 600
620 -109
581 980
-784 685
-58 562
-392 -963
98 -753
-526 -900
-820 -280
-525 617
-169 -276
-490 473
715 920
-504 -87
322 785
960 124
402 -772
-373 18
544 809
-684 -197
-767 376
25 60
313 -915
-841 767
108 -287
415 -861
240 -358
747 -680
264 158
296 576
-194 -809
162 -710
613 43
-449 -454
-632 692
-310 -854
-145 348
744 406
-886 -108
885 878
376 735
405 356
-248 -785
968 693
-462 539
2 729
-86 -179
-809 858
-103 607
-154 455
-31 536
-98 -98
556 549
878 991
161 -790
-485 -532
-874 -290
-615 -736
-375 853
483 67
-319 868
277 295
-57 -983
526 -428
420 -231
-10 -468
-650 849
311 -94
-268 -36
-797 747
512 824
932 275
-479 -846
180 578
241 -625
616 648
450 741
632 495
-974 526
682 -721
286 -912
-122 451
445 -446
675 -769
-584 954
-953 470
286 414
613 -865
-437 -605
-337 119
-78 -266
-504 -48
-772 -208
-273 -521
791 325
845 -230
-317 -337
11 11
375 698
-958 71
89 -326
998 498
457 380
-271 -169
-518 -377
-728 702
498 48
49 -36
-446 -917
-701 -726
922 549
611 -127
-413 -129
270 -568
104 -307
-874 -578
-575 -79
252 -224
-931 408
-393 768
-910 690
