200
454 143
-585 -99
-182 813
-696 890
-490 989
989 832
980 -250
-538 142
558 503
329 -790
-478 592
171 -43
-427 -720
-250 -479
793 -860
-350 -815
-120 -479
958 -108
-668 928
616 815
711 239
-424 -417
-651 -569
-353 98
982 149
736 -177
-41 468
-593 418
93 -389
467 730
-423 243
-727 626
-70 -655
827 390
-717 611
-91 10
253 -605
181 55
-829 -882
-786 -171
-779 -262
734 -734
-725 302
561 0
927 -767
-766 16
-13 -189
154 641
-445 540
-178 683
447 109
577 211
648 383
-955 854
186 -772
-970 882
303 613
-122 -176
-319 982
218 -586
478 59
-638 -813
-932 889
685 -337
-90 64
987 -345
472 479
376 -549
-344 897
-42 286
-583 331
503 -80
-709 -930
-151 -658
182 -173
262 45
-739 786
82 851
-731 -135
-322 864
-217 -957
988 4
612 -573
160 683
828 669
842 677
605 -581
-638 302
458 -505
-366 698
-473 -719
690 781
618 -463
-831 -723
-341 -24
-572 -348
-247 203
582 -454
759 -234
-999 -897
330 -799
794 -463
-701 112
910 -379
-528 -818
-59 -769
774 -205
160 -943
-269 211
-26 -304
653 983
-893 -717
674 -469
934 332
908 -298
-933 874
667 -704
579 -767
563 320
206 -216
597 366
440 -331
357 -590
184 666
-339 -563
-209 -365
235 511
-771 -28
88 -382
-39 -20
695 972
-834 410
-502 -112
-756 -541
363 161
316 -780
-725 -155
629 -79
902 172
-533 297
301 984
862 48
301 940
-868 686
-248 530
890 -847
929 270
684 -976
607 -652
-966 390
332 788
-401 959
200 -102
772 -454
-396 -547
192 358
-862 -888
66 -528
241 161
486 -654
-803 -856
916 -17
672 -676
-36 420
-396 -178
844 -6
619 491
-573 -895
-983 -596
215 680
547 -249
-391 -567
-21 917
-586 440
-290 -770
-862 115
-811 558
887 778
-813 44
-307 -892
-519 -310
1000 -748
-311 252
-901 -606
829 110
798 -781
-994 151
572 829
662 811
-514 -966
-387 514
-40 252
801 477
-1 775
444 70
-343 686
-716 187
-425 -916
-10 356
175 -874
