48 99
6794 4432 3533 7031 5434 5173 30 3506 5553 3467 7239 2946 5299 1655 4825 6987 8476 4112 7944 4023 2493 2497 6414 1056 3908 7666 261 6404 5749 7566 6083 975 8825 3927 3458 4984 6980 445 157 6985 1350 6168 8447 195 18 3961 4247 7749
19 46
42 45
27 31
41 14
43 36
19 37
1 29
42 40
12 41
10 4
46 38
37 27
38 24
39 45
43 9
38 42
39 3
12 4
8 41
36 11
35 27
17 38
37 3
32 37
38 44
16 4
19 23
8 32
30 12
2 9
6 28
40 20
3 26
9 11
13 21
8 34
15 45
17 44
45 45
38 21
23 22
29 30
16 5
34 36
4 21
42 31
40 3
13 33
29 16
43 15
23 47
20 26
26 6
8 10
3 9
34 7
18 33
11 13
41 16
23 41
48 15
14 10
44 23
28 6
2 24
45 7
37 4
5 2
35 27
30 44
14 32
10 6
24 36
39 3
31 47
25 40
32 12
41 21
9 11
2 20
7 7
48 17
40 24
9 21
19 24
36 10
36 11
15 42
22 21
17 29
15 27
39 12
7 10
35 39
44 18
4 29
34 3
4 28
1 13
