432 348
4432 5121 8602 3398 3637 8923 6601 3611 5154 4737 3130 5794 4392 5665 2093 9597 8510 8055 6884 4723 1093 3691 5339 1908 7605 9566 7174 2182 5051 3732 7903 9725 2447 4027 4299 1988 965 9312 3886 3810 1862 1830 3571 7748 7460 6207 7323 1370 932 5446 7850 6216 1754 8211 7374 7470 2500 3452 1754 3834 1928 3588 1237 2784 3585 9927 8495 5254 875 7083 3449 730 66 7142 1662 7199 6971 6892 4228 914 1114 8454 951 2108 5091 4703 2190 1437 6384 4646 303 9393 5789 6112 2541 7846 2705 2767 5625 8844 9575 7910 3937 2419 9356 2343 1341 641 833 5726 5880 1100 6562 7904 3479 5146 2290 8528 6664 4939 7104 3183 9114 9389 3013 3317 8194 8112 4495 4699 8559 4420 742 2970 6777 5009 4819 2859 9040 7953 1672 3595 7688 5643 2156 3215 5104 6185 7241 7295 1994 5784 2442 7124 8821 2405 6195 6266 4531 6130 8067 9464 2844 2662 9169 8895 3043 7959 4902 4039 8158 5770 4281 1703 8723 9230 1155 6475 1007 4558 4339 464 6073 589 2670 8991 4139 57 4380 884 1698 1833 45 6020 7039 3 1901 4994 2963 6301 3035 1146 4957 9616 3326 7444 8003 5879 9035 6417 7692 9090 8899 5986 9379 7826 8568 2657 6662 8800 9358 2917 9148 4708 9330 9718 1149 2292 5012 9100 9288 6140 4338 4563 225 1572 7989 1374 69 9195 3717 9133 6407 7642 1052 3897 8808 3528 315 1977 8632 8651 7129 2398 7751 1764 7002 1048 6857 6681 2941 1539 3152 4590 8281 6758 5820 8351 4041 3614 7262 8085 2651 5341 6075 3713 2191 7924 9702 9470 1201 9516 4356 8769 6607 884 8339 6756 7291 1926 8727 7768 9660 8654 8753 3940 6233 9461 9970 1692 724 4758 7076 9852 4320 5343 9842 7712 7698 2755 4994 3378 9512 5482 7571 3394 7243 7443 4768 876 8258 4845 7247 1724 8002 5484 4839 9055 2862 1352 8898 6271 4204 3355 4534 1093 3850 8774 9609 9495 3354 6355 7031 5766 4668 8078 29 8449 395 1426 4638 6673 6283 4997 5667 5623 413 8160 8091 5211 6212 9836 9502 8150 6297 3275 9716 6733 4841 4481 8366 7710 6071 6015 5645 1475 8117 7411 7356 9305 2498 8370 6269 2535 5014 7881 8771 1473 1380 2480 6362 8060 5835 9955 7434 8501 17 9169 8032 4383 8334 3064 6267 8240 9700 4657 7588 615 2027 6300 6534 4047 9660 4243 722 4507 3284 4782 3397 4979 5405 9907 1618 5069 2579 9943 7994 1707 480 5031 8324 3354
104 63
262 14
371 144
314 280
368 139
335 319
394 102
314 139
256 197
95 91
415 308
281 210
20 100
392 120
129 347
396 310
40 422
127 277
249 92
58 8
184 328
101 8
231 325
341 189
320 78
65 416
28 200
129 320
161 372
399 6
92 17
154 304
196 250
356 199
188 27
106 286
5 421
357 61
88 152
260 198
126 394
216 94
343 411
195 95
383 343
315 241
114 312
293 236
222 319
328 188
126 212
290 391
125 162
202 306
9 177
139 73
171 386
154 40
163 65
246 281
293 120
29 56
264 24
137 292
177 308
357 292
226 67
432 182
67 224
66 12
239 62
411 77
11 254
371 339
389 227
339 252
410 386
207 161
286 256
404 199
68 420
226 271
84 127
416 39
163 374
395 320
45 347
402 160
227 240
148 120
422 113
168 89
271 121
76 172
63 51
371 412
158 260
386 7
34 197
343 228
45 191
276 360
343 419
333 255
83 169
80 274
143 279
55 325
321 120
105 246
106 47
383 409
392 422
172 367
99 27
243 342
385 432
418 376
192 404
263 100
402 21
215 40
82 393
349 79
108 167
310 123
333 13
278 179
326 75
117 137
89 171
29 347
338 231
230 8
218 88
428 227
131 135
267 369
214 58
31 237
28 17
259 362
97 46
336 336
281 284
146 129
308 47
133 254
363 257
198 131
121 248
82 209
151 109
67 243
44 51
197 246
287 99
405 385
233 274
153 157
171 154
116 300
172 245
251 98
368 234
277 245
47 150
116 59
221 416
342 108
328 30
317 269
233 112
147 162
217 277
212 397
78 175
52 12
229 165
349 349
65 328
250 133
157 196
88 255
49 182
368 223
280 89
318 429
323 146
295 103
101 316
37 366
429 190
215 232
34 296
322 155
76 365
53 319
325 336
185 85
268 263
30 264
346 391
359 126
409 160
327 192
334 416
163 293
70 47
266 281
277 327
124 204
327 48
78 341
268 365
25 70
422 350
78 70
389 219
400 421
380 171
102 337
49 16
164 245
252 283
311 150
97 416
323 108
204 390
116 360
340 308
159 161
75 429
181 50
391 300
403 245
365 408
235 35
160 373
79 169
163 320
261 328
109 7
25 341
70 186
293 210
322 145
32 3
60 312
395 360
341 423
345 387
297 20
408 82
179 403
18 155
298 148
156 242
186 77
342 340
322 125
23 77
306 378
391 179
421 247
194 413
81 53
415 65
275 271
220 391
237 284
377 63
250 416
230 289
294 176
159 423
238 78
124 151
252 304
278 199
86 24
375 401
245 105
410 66
381 410
266 13
154 87
117 300
105 174
346 405
167 385
362 366
414 185
350 428
384 225
62 396
26 100
300 351
17 354
370 219
11 399
319 82
51 151
97 380
161 86
340 198
318 375
94 74
313 246
218 185
47 403
432 3
354 133
65 371
161 229
121 28
86 47
143 304
382 55
244 213
109 383
106 113
86 347
303 422
240 168
289 310
378 418
21 355
347 346
104 339
348 198
62 136
5 270
4 126
432 255
166 293
329 291
392 35
298 419
333 80
17 167
79 247
30 379
348 181
218 157
418 123
89 38
225 171
