751 438
343 249
386 550
246 538
204 532
507 485
727 157
269 632
539 2
454 575
358 342
436 686
730 303
668 380
394 362
698 696
301 13
669 545
394 114
539 743
623 296
78 220
571 634
108 154
186 189
195 416
279 471
341 698
76 313
295 613
532 485
62 505
194 10
676 691
31 137
45 700
380 140
374 232
279 346
682 629
297 236
343 271
17 207
227 162
518 708
728 53
666 21
723 449
209 306
531 526
403 345
673 46
149 452
12 473
234 670
497 590
618 586
262 115
691 521
651 491
739 266
405 379
659 166
489 48
572 309
82 11
360 262
272 609
627 567
749 97
193 416
275 672
53 497
692 281
425 40
686 101
607 11
231 330
70 657
601 280
386 53
38 328
698 367
556 277
99 130
377 630
458 320
188 178
361 140
587 146
737 437
387 404
705 255
361 462
221 79
104 685
296 631
52 173
644 93
484 727
243 738
709 374
332 460
123 314
82 139
261 749
513 747
146 577
529 356
514 695
656 418
398 747
161 135
549 722
145 471
301 253
246 383
13 77
167 516
168 152
559 538
431 284
267 157
54 183
676 385
405 476
292 517
197 431
611 49
513 427
273 232
136 360
272 162
463 283
132 262
233 561
155 117
106 440
630 13
92 88
632 5
307 98
48 9
39 404
26 189
111 322
387 521
257 707
433 619
733 89
278 312
368 375
165 508
527 457
472 148
338 621
137 614
165 236
192 349
91 625
207 47
416 428
288 59
153 592
588 338
683 610
698 635
550 596
608 663
564 703
668 201
264 751
451 437
101 124
584 360
181 153
637 537
704 362
154 524
723 590
303 165
38 86
736 262
256 491
333 644
313 436
282 645
116 253
626 465
484 565
107 54
617 634
318 66
251 590
451 335
594 408
68 338
653 148
132 420
703 42
367 728
330 160
474 652
115 450
428 445
303 90
105 640
438 157
109 245
115 83
32 187
259 410
729 748
703 705
110 482
281 380
267 390
32 463
12 164
624 125
747 100
532 640
528 98
517 113
35 107
433 38
180 233
248 327
628 227
351 87
690 532
63 473
286 599
678 37
698 9
408 512
243 64
486 314
233 396
582 127
637 513
543 391
592 685
571 383
259 490
300 21
165 194
523 252
430 136
586 94
208 551
414 169
380 665
410 202
170 203
452 412
65 740
456 10
155 4
317 728
459 579
245 240
402 259
735 125
718 27
468 10
354 458
750 166
595 474
367 167
578 528
274 725
508 533
58 247
215 522
68 160
204 689
426 654
61 257
387 290
326 431
521 719
451 340
165 156
489 560
419 489
422 92
290 656
82 38
49 527
504 264
206 3
548 193
72 239
123 430
50 674
397 177
502 668
697 657
189 722
509 48
455 414
182 553
333 670
728 199
148 633
285 649
396 728
511 491
562 17
491 18
104 222
174 335
178 744
297 110
109 70
394 325
714 513
303 149
424 503
108 676
465 346
350 49
206 214
39 302
725 579
638 412
271 23
733 134
367 658
153 148
328 716
395 478
700 684
721 46
679 442
85 711
707 309
97 505
664 735
14 117
685 3
371 751
103 25
130 742
463 410
24 591
53 711
293 145
579 169
418 33
422 136
33 134
531 533
619 9
599 474
290 709
106 263
227 184
693 689
539 751
42 689
73 704
744 693
284 19
280 442
457 188
49 213
185 710
708 35
97 372
101 474
242 78
212 624
743 16
482 8
554 669
505 195
204 172
364 357
110 35
284 676
266 388
12 31
558 329
511 566
681 339
366 232
593 88
67 397
671 729
391 686
562 60
203 635
111 460
44 515
546 563
362 53
412 10
268 95
198 580
269 357
544 160
612 51
701 662
134 548
555 596
273 696
535 350
195 176
370 463
538 555
193 115
494 497
606 288
338 253
568 199
128 366
516 657
572 134
332 103
250 377
306 226
11 715
548 207
63 332
47 576
656 692
682 357
317 217
560 593
338 358
474 624
268 543
388 21
673 409
367 601
176 112
2 129
