56
348978900 662332988
793026447 809086363
610089155 880867316
426352048 762936680
723706646 796800302
31353099 238294979
758140718 852014670
516603860 796138301
357283912 743820145
829727497 890981984
855239551 987844202
560860547 742843701
206992692 330364735
148872399 817020428
858621352 975951003
162365535 443312309
925108555 952333330
37432119 647302829
642207866 953858520
849542758 988268430
800546696 987180484
572705824 695418005
134899937 845615503
334351142 815600082
749441253 959953552
691255524 980680042
715777459 911726258
918748921 971174702
549961864 559840361
324624894 330775232
85304201 940481906
392376802 902816633
815587019 982004570
338028257 830849429
15905930 598622891
223847785 713968272
19175826 80529060
302937949 777800027
859581889 997804532
68397858 116866467
710204917 751163311
30192239 698618097
577534516 741256654
94986953 298751971
903786072 922648427
747845607 957434633
50578790 683452822
866844079 952690699
460874435 739992877
972727741 974735968
696283685 823564329
564834669 691537928
9771531 375375914
59094716 624465303
720100087 803645217
259892541 573894860
