92
190490441 834893648
795243408 951908305
159800172 495696700
415298846 769984871
628007138 876558036
498195256 633336964
751499863 955031767
67352600 886306534
835400642 841118689
911067647 952032172
702099781 788483909
453734258 904460168
865124210 962098617
493770618 552601665
821561082 903697980
192019254 697130527
208786483 915819171
675136458 892618104
690741254 940550315
116536359 245859800
448442361 933492027
800966075 837955799
416835078 663432518
30956810 687777148
796593191 798239537
766778200 879818531
811117594 867580203
790140738 851598118
607123939 757946274
488014221 686777154
579525329 663675750
971349570 982588855
368717668 698315638
823336613 976519277
967940007 982933842
206583814 890123844
708429152 958481923
276812006 650604348
361644284 949101295
337331868 855332573
854450323 962495561
691230693 969512950
122141541 340261542
219121913 477987808
510860373 944050723
350935539 860070289
838863047 980575625
309628206 442834913
622359812 860152622
116966769 824932067
900629298 939730138
525084109 925896177
784971923 786519142
407413215 565296728
273595548 860552110
848615239 948802497
927136519 973628937
255412105 857580202
702769747 786608157
196557648 579883609
972075339 978417625
921562108 961495531
868560649 954340486
856652882 875495291
94733266 961014816
374582802 675121689
140948265 266808626
617201705 988891670
282120956 399733687
850903415 989373320
100744519 747105365
585094243 626295389
984412467 984699299
876588213 964357457
576085604 979861078
353735320 878980935
573582883 693305952
666111304 933280257
254929226 927239512
688122576 719226612
141739346 478235054
274919708 725008120
229431939 816916424
355207507 516095095
77034328 434447176
250934907 927851048
969430530 969513289
599828306 948611141
709929568 735856328
752381620 945857160
482122761 960148422
271839611 311577712
