43
79108663 686278749
598519407 977873201
118941254 682795040
872669165 913135779
687428951 918070656
526579786 663166223
148304657 989449770
65198333 507468122
429372361 697506764
370509830 440422207
776229818 995576787
389177941 971701808
888501099 958827550
812582600 905224342
183065279 911219569
258596715 271739164
733207103 748472019
332859051 735686197
963339325 971571134
650259551 921820906
443693516 542348435
396701027 571518979
477813855 969174788
28919874 478790773
831105895 886107995
997713790 998062344
329592656 888811333
877205815 902373687
134043115 500978560
297862917 771111999
50523492 942186155
997792291 999396783
596125992 680684691
668424344 880358052
223157413 260213105
303057377 602671297
613038596 947736690
875854179 937353966
2911255 779624102
876984176 888689093
613001189 968138046
255500776 481699378
609723091 890061926
