36
468690172 921717072
316003664 901094882
699593387 993022331
749637586 966752693
565062340 944308463
79123412 145559878
926023558 974960063
204443240 209496354
217178076 437972616
330282474 467735888
412904004 867188229
832670548 866650838
209986014 409388701
176433871 986597559
220777242 718217984
987795532 990719438
173470437 998696890
370509864 447067447
810319360 864601829
90767429 730804615
904682576 982194963
146067496 609741603
121373036 721939038
922167720 952110392
909266208 933951083
621272612 672591121
343790021 991109926
179131452 808994123
810240725 905802907
607498285 759706976
298878213 640842212
820207455 911277798
471154133 805027156
41168833 508586056
55227990 244023544
54045137 938047180
