728 395
444 58
726 369
88 255
467 475
257 22
568 614
483 155
553 393
409 345
165 646
293 217
247 159
361 42
639 348
692 219
569 303
581 24
230 66
148 326
567 642
170 390
360 648
214 240
271 561
249 254
507 148
593 418
386 383
462 285
358 428
70 5
379 398
235 306
121 334
225 524
248 208
170 201
552 409
326 705
468 370
106 181
95 558
331 402
104 614
436 625
6 455
523 702
424 447
401 632
706 725
135 15
272 656
10 632
52 86
329 264
361 277
134 569
207 410
255 240
64 184
231 466
684 229
69 128
570 120
214 394
21 110
107 383
606 695
557 339
445 397
200 534
130 39
692 341
127 439
593 261
228 10
527 266
558 518
207 728
239 697
550 453
658 645
20 440
178 701
402 457
165 255
161 652
198 417
418 8
698 640
73 445
464 636
696 339
573 579
600 664
321 486
505 181
491 269
281 531
37 391
665 490
691 704
712 386
726 420
275 203
397 597
537 306
590 280
484 718
453 172
618 609
466 25
65 321
285 349
540 465
435 577
646 176
347 466
610 76
719 46
17 219
178 31
375 605
679 498
471 453
427 575
511 388
321 369
442 506
491 271
383 405
281 490
39 494
3 547
124 96
503 724
422 557
534 486
322 543
271 537
334 416
372 78
291 231
428 285
442 589
295 78
80 304
401 44
538 563
10 262
361 468
619 374
714 9
93 511
460 204
4 350
19 454
519 328
343 403
508 483
113 567
609 134
92 30
633 51
48 518
10 712
657 453
661 523
315 510
728 594
638 482
255 574
239 530
78 24
362 47
707 368
317 412
7 539
568 32
386 333
172 140
251 573
58 288
127 66
639 314
303 563
103 9
2 194
196 160
528 268
601 333
193 310
463 724
54 494
669 374
608 455
404 536
326 718
680 660
151 710
640 152
498 424
319 112
564 264
249 706
639 503
618 639
467 178
581 212
42 186
479 626
193 9
593 163
255 685
369 420
34 288
41 408
239 104
683 619
580 276
555 139
524 490
435 427
550 443
593 500
90 467
468 699
461 344
458 301
75 179
12 426
582 22
634 457
675 607
443 400
169 178
180 435
575 143
329 710
100 237
556 262
8 1
196 215
621 29
442 118
73 234
444 473
704 305
73 685
597 112
348 553
667 547
461 214
549 706
362 470
278 334
456 132
344 714
103 239
461 700
586 593
204 319
414 496
330 662
340 376
414 623
189 115
653 528
559 652
122 727
233 463
544 250
7 600
426 260
451 657
103 395
397 713
498 492
247 39
132 487
189 42
195 97
698 560
497 295
229 701
516 536
79 351
706 544
409 268
129 613
242 716
444 484
496 39
620 379
656 714
303 706
262 613
660 246
186 524
169 148
426 132
617 23
649 413
489 694
324 534
461 68
371 610
436 375
636 150
606 451
381 130
226 525
338 205
283 230
554 177
239 436
392 663
538 668
280 157
247 417
96 416
13 678
407 596
578 322
326 402
162 121
275 199
528 671
161 194
593 632
352 467
568 589
657 423
669 264
141 701
423 422
84 443
148 250
167 710
542 677
7 529
365 77
584 73
415 29
345 569
569 526
156 210
712 200
294 350
403 86
419 111
547 654
560 464
594 388
510 467
433 83
644 470
467 177
466 261
281 564
487 317
542 581
565 548
515 164
478 696
72 259
157 140
90 585
214 549
520 571
30 332
128 408
365 512
541 483
551 290
491 178
185 572
88 3
591 501
650 369
449 492
415 619
440 637
57 51
224 710
721 272
357 494
152 308
714 708
350 306
123 121
468 233
194 553
489 146
141 71
417 316