8027 9098
4781 7291
3622 6786
429 5005
6605 7573
3940 6286
7483 6072
669 4263
1017 5520
887 4314
395 6705
6723 5335
243 361
1410 7012
7234 2471
6968 5929
7986 1480
3319 6640
1694 2831
4006 1993
2748 6095
209 4844
5144 426
3761 5991
1928 1636
995 4973
5620 6918
2474 6160
520 7596
2897 5758
6429 6608
5724 5051
3334 6112
512 5330
5914 3554
2496 2103
5674 1038
7737 472
6410 3262
6636 1229
2903 2016
491 4893
3658 5807
2474 7431
2998 6348
1165 4402
7307 5172
6288 249
3762 7217
2757 6230
6243 761
1440 5393
1542 1219
1220 5360
7952 3305
1183 6283
6104 5436
3408 1509
6833 3441
7758 3100
6783 4889
7898 3122
3426 7420
4588 5142
3041 589
2541 1602
1928 2465
2724 3513
2471 5292
6780 4979
3576 3300
4736 1773
1135 3132
6081 811
2637 628
5341 1383
3383 1729
438 6251
5938 1253
105 577
4594 503
2081 2881
2697 4208
1427 7648
5168 1733
7383 2052
4025 4923
4900 6789
7815 6899
605 4694
5695 6574
4785 2427
2341 4293
3375 653
1001 4846
7686 1066
6294 2860
4498 1330
439 6840
4200 6116
4906 750
6034 1947
2268 5126
4819 7044
5028 3231
2788 7049
4156 3391
1752 751
1911 1103
1481 6647
1539 6027
1680 5006
6723 2318
2710 6798
3204 6413
2454 2994
5758 6720
312 7028
7472 1327
1715 978
2174 4917
3325 7956
4500 26
435 7518
2696 5044
3638 4120
2500 2062
98 4317
5851 750
5789 3521
4379 5651
1188 7638
6512 7184
5036 2324
7572 5649
7783 2956
4883 7804
6377 1836
1640 1399
4186 1515
2016 3192
2358 2552
5447 1054
6585 4897
741 6243
6889 2390
5013 1450
5047 5481
4731 4157
6446 2446
2706 3029
3929 5317
7893 2240
209 593
274 3463
5810 2299
1424 6512
1522 7059
4918 1616
329 3650
5002 7287
528 5279
7011 5898
4872 3573
4988 519
1540 5785
2323 933
4352 4585
7890 3000
7467 3348
7700 7522
5650 2402
5006 7724
4952 4403
2339 1504
7339 1332
2499 4655
6785 5967
4308 5554
2251 4993
4508 5143
231 1489
3946 610
3505 5758
4536 3420
1358 1000
4150 2617
7208 5420
3263 2713
2488 1906
7693 6445
2313 7183
4082 1037
4946 7585
3119 3685
5158 212
7159 2081
7730 7061
7264 4153
4848 2255
3309 2898
7646 3953
605 7293
7134 8015
7689 3544
6762 7312
4530 3989
4496 1637
2047 3915
3376 5163
1065 3877
540 3608
2588 4432
3520 6491
6914 1285
477 1625
5428 7742
542 686
2839 5942
5208 7088
2190 4632
2748 1385
3354 455
1987 5500
5452 5650
2832 3292
71 7816
3707 3417
7859 7560
5530 7644
2781 4541
5519 3579
2208 3961
1227 948
946 6462
6329 7583
5714 5615
2501 3852
4453 6810
3924 7472
567 5759
4433 6130
4808 238
1463 6736
3123 1876
4167 1252
3000 6974
2541 5185
116 730
279 1652
7069 4315
1129 1001
6143 4414
2770 3491
5828 6204
4514 2985
887 2127
4688 1956
7481 2536
7585 1021
4919 2820
4940 7215
3312 5858
5849 3191
4460 7800
5786 816
4877 7738
2289 3114
5622 3496
676 3840
5334 4709
3525 7675
4695 6109
4347 5158
2170 5553
671 5592
5551 4278
4176 102
3676 3835
7494 2536
2289 6700
3907 5600
6205 7421
3600 7151
1550 7608
73 6840
7899 6334
3030 753
2663 2427
4266 3444
3700 2503
675 2273
3638 2883
7384 2551
2471 6204
6113 5000
2437 5035
4449 571
904 7635
1597 4810
2395 7933
2080 6136
6071 2038
3610 7237
6534 7203
2184 7301
3292 5511
4138 6636
2520 1986
6055 5963
7418 7480
7979 7115
514 1517
5321 4779
1863 6552
6062 1312
5185 7021
5943 7714
3907 1503
4736 4764
6426 3200
5936 1020
5680 4612
3304 1612
5933 3948
7827 3269
1906 684
213 3818
5812 6662
6558 4236
1728 1007
1895 6409
1419 6088
3500 515
1592 6177
3634 1493
4236 7782
6278 6050
1051 7682
5950 7569
5848 1826
5747 3543
1211 2948
4331 2771
1147 3790
4956 6098
2934 3524
5087 6846
415 3770
2473 3694
6523 3013
4494 2680
2780 5883
337 3845
6330 1390
5391 4549
5608 6864
2695 69
4927 4026
7721 5566
2711 3043
543 6607
2760 7105
1380 6981
4371 5518
4368 840
3263 2317
1237 5637
7314 1724
6599 5890
7932 1599
7348 4200
6055 7492
5069 5438
6187 2517
5108 6519
5757 6529
6803 2548
245 7053
1670 2404
2739 4153
2926 2144
7736 7494
7000 4902
430 6330
4001 3953
7817 1394
6295 2012
3983 1286
6026 6492
8 3532
3004 1937
3200 662
6564 5306
1539 3751
6671 5161
2084 3683
2756 1156
2983 3541
526 5997
1838 27
7057 7906
36 35
7369 1061
5603 2477
2509 2376
3966 4744
227 1065
2181 166
3457 2401
2742 4887
7703 4195
5724 3761
2808 6124
6320 2708
301 7926
3643 5009
3183 4380
2633 1274
7435 6068
897 959
3231 1380
5766 4209
4528 6030
8010 6123
7343 26
897 4251
6778 1526
2763 4378
1348 2326
7510 6344
4374 5485
5300 1691
5924 3956
5558 2875
7336 1294
2856 4068
3454 1252
5811 3814
2718 4027
1269 4902
6616 93
4855 803
5828 7484
3902 2975
2177 7133
3626 23
4309 5945
1331 6459
2470 2952
4267 6942
5925 7291
7410 6614
6173 4571
3632 6671
4200 2762
429 4239
5092 248
3607 3740
670 680
3215 3514
5763 5634
5651 2685
3294 4718
872 6535
5801 1122
5238 7914
4385 5757
1759 3976
2829 3396
7954 1004
2722 5426
4696 7017
2098 5786
3021 6735
3587 7771
3304 3055
5555 3755
4543 5053
4571 6009
6416 6026
1721 3932
1660 7968
5841 1161
2627 467
1267 2256
6506 5861
114 5881
1751 1815
3752 5474
5128 7684
522 207
799 1194
424 5526
600 4324
1512 4736
4209 3874
3404 5483
603 5461
7707 2366
1423 6537
3887 2316
6033 3922
2176 3125
293 1916
3354 1026
6793 2078
5145 2488
700 1282
468 2908
2753 4111
6532 7850
686 4967
1606 2085
4926 7175
186 907
1619 1835
7281 4085
5762 1847
7441 4624
2262 2451
7642 6974
7100 3386
6809 7734
4123 638
2747 5047
6317 5700
1591 3813
925 4175
7310 1238
2948 2794
6455 615
6132 711
2426 5119
2043 2597
7088 5914
509 1285
5008 6028
5947 6329
604 3050
2297 6807
2635 3293
2559 2676
2511 638
2458 3908
5087 2719
2580 4561
565 209
7997 2046
3841 2708
4875 6976
3734 1733
1661 7338
425 4322
5542 7241
2684 1393
5854 4625
4777 1491
7565 4433
5891 6319
5437 5074
7026 4840
7287 3974
7842 7761
7622 6524
7684 4010
6513 4533
4180 1127
1106 351
2730 2048
5577 1757
5926 478
7677 2045
88 1045
456 5792
5387 2564
1202 4372
2150 2187
7680 2944
3529 819
2669 7624
5145 7793
5690 4307
148 5107
7414 3447
5764 5221
7621 5037
6809 6519
557 2346
3931 2104
2646 865
7782 855
4997 5834
7868 145
5946 2841
596 1847
5925 2507
5728 2735
2209 5568
5989 3848
3665 6267
294 3944
4999 6382
6431 7526
4473 5553
7520 1307
4484 217
1406 6591
4287 2853
7971 3746
6866 983
1118 5376
4425 4207
5885 2320
724 1483
2211 3447
6225 4619
5925 7677
3660 1328
112 4442
1219 4303
3707 7248
845 4078
979 6027
6622 114
1925 493
2153 4668
4084 7026
587 3465
40 4547
1646 1059
1345 1335
5972 6193
4007 1
3264 7272
537 2683
2549 949
3979 981
284 3082
2858 644
3821 7796
1644 6050
4894 242
6460 3349
5372 528
2618 7288
6640 5145
3484 5221
4258 3923
2676 6941
5645 1607
2956 6083
5640 2785
2821 686
2868 1206
4800 7015
273 5083
3849 3257
4695 440
7126 1620
5233 1467
4765 1099
4394 3038
6802 1629
6191 6251
2903 202
3536 2652
7439 7861
6786 716
5889 3847
494 3473
6013 5001
6996 2754
6004 7892
5454 1595
5532 413
7880 2171
395 4605
5358 6675
6123 885
2851 5415
3302 6081
7026 1182
1631 6202
807 3263
2522 7950
4329 7833
689 368
7500 5923
4400 4064
7012 255
5289 5454
206 6784
7614 7423
6151 6757
4567 7551
6671 2473
5810 1239
1901 1059
2009 1972
6553 2666
700 1309
5384 1314
1009 2213
158 1232
2015 442
752 2710
6157 358
4513 2972
654 7147
1 4342
6598 2618
3291 6810
2935 6522
3941 1036
6883 5193
5669 6946
2821 3364
1457 7659
2247 2408
518 3199
5306 6579
2014 3301
7577 4974
3214 3471
6758 2693
7033 3121
3586 4123
2934 2294
6469 7641
1771 3205
3971 4738
6274 1655
6902 870
2245 1521
1158 1606
4842 2929
5737 1611
2238 3058
4577 2664
6781 25
2603 4612
2085 7723
5221 6826
3422 3305
7864 2090
1344 7651
4057 1775
1104 489
2494 7906
7094 3479
5300 1325
4906 2352
5950 7011
4079 795
6219 4735
4361 1593
3385 439
6774 5133
4979 1548
5733 480
2305 6742
3931 1618
8017 5519
5413 908
5684 216
5643 3279
4655 1887
723 239
5128 2085
892 3038
557 685
5581 1341
8019 3478
6696 6541
4320 2066
2375 6931
5149 2249
3932 2801
1994 7349
3491 993
4729 7417
3349 6167
6641 5789
5794 5361
6468 148
2837 7121
5968 2206
3263 5993
2561 4450
7697 5791
2626 4594
3592 3397
824 736
7821 650
6735 7137
7604 4258
3589 4936
2484 4936
389 1583
2040 6855
1370 3029
739 7195
6868 2044
2966 710
6960 7865
5001 4097
7750 4002
3797 1419
1084 2162
6787 2220
7198 7945
431 1178
5329 3611
4190 5449
3658 2872
6984 2828
3121 6143
1641 2300
2289 3541
1669 6183
6029 5940
2575 4378
706 5352
4777 6984
5438 7941
4018 1040
4037 1244
4089 4558
5142 2983
1556 2261
2327 4424
6643 5776
2550 393
469 6143
2573 5101
5865 6252
7720 6916
4732 272
390 6118
798 2537
5480 3102
7632 5261
1100 2989
7634 7903
2834 4633
7428 7202
4793 5522
3502 3848
3467 1
7960 1605
4584 7079
5820 3874
4875 7926
4744 1456
2276 1373
6906 186
1440 7812
3600 3529
3384 5423
982 3684
346 7207
2275 3955
6110 5348
5456 4243
4807 6542
1438 1431
5289 4642
1382 977
5576 45
69 5618
4425 4061
6407 541
4101 4234
7416 3996
5366 1651
1994 2930
7226 273
6686 84
7404 5144
2698 7604
2809 2517
777 7921
5484 1116
4948 8023
945 6112
2643 6834
2075 3398
2990 5102
4065 5671
5104 766
2668 249
3624 1055
2597 7364
4833 4165
6244 1996
3928 3806
4149 1037
1585 7165
2555 3822
554 4225
4465 3682
6055 7476
3512 65
6816 3366
1522 323
5952 1927
3147 1849
6377 944
2113 5388
84 1059
389 2261
1020 2959
4350 4923
1374 1404
6226 1142
4873 1529
8020 7267
1093 6318
3694 6755
5962 3098
4403 7985
697 2068
2956 7387
5801 3182
7135 7349
2136 4513
5461 3698
7147 6112
6792 718
754 4647
6423 5455
3944 1446
1662 6825
5424 4499
3715 3086
5838 1395
6693 413
6565 1657
1655 5984
4376 7752
6724 74
259 6143
109 1668
6331 4485
5805 630
1753 6085
7623 978
3444 7330
7339 535
6108 6664
21 4270
5133 1720
4486 6974
3084 4833
6377 3083
3376 7124
7792 5678
2445 6684
3953 4478
6805 3513
6205 7880
752 1995
7208 4679
3734 1794
4812 511
1569 6189
7289 5509
6678 2365
4152 3429
2623 7485
5410 7925
6957 7630
1218 3354
6259 1906
3976 7971
7999 5329
1028 1517
6942 3085
5693 6666
334 6642
7203 7898
2609 4925
3660 2828
6631 527
5767 4389
5078 3748
7444 4438
6434 4610
3997 623
1983 5659
1470 3427
3999 5273
6473 1396
147 3739
6580 2045
2458 7122
3449 4303
1604 2655
6138 2039
5152 5538
1435 2084
6258 7477
1822 7797
3741 594
6195 2578
656 870
7626 6933
6294 877
1143 3725
5142 6339
6875 2042
5581 7487
2560 7551
6619 1313
3811 7735
4016 961
352 6735
4902 8025
6016 65
5973 3325
1766 3035
644 3133
7196 7326
7860 2621
4032 6638
4357 1127
5419 2102
897 3125
2285 4724
3378 4483
4481 6988
2942 3382
2502 3107
7825 1297
4466 1090
6884 5736
1058 1834
4103 1033
1156 3238
7579 4836
81 5214
374 7192
3990 2450
2293 6979
5782 47
6460 5342
7328 5754
5357 1203
2919 1810
4709 7762
3855 5544
3149 5446
7166 4707
4382 976
4479 2630
1388 4920
2670 3348
3636 6671
6553 4128
3162 907
1425 6689
117 3316
7577 231
2727 478
1602 6046
7130 5606
7683 921
1563 4717
821 7048
246 1042
2104 4557
5117 555
4765 4372
1083 5867
7239 6757
2678 936
7146 1048
3838 2526
5587 1651
6953 5356
4840 7694
7841 1544
783 7644
5826 596
7235 456
4685 465
7807 4386
7271 99
4964 5718
550 2578
2768 156
1976 373
87 5464
4520 8026
6478 733
5793 7995
6038 4358
5519 7790
5447 3560
7096 271
2068 6023
256 6814
3914 511
7611 6467
7568 6532
6906 892
953 4200
7544 3619
426 5661
6926 4671
3710 5135
5561 2274
6999 4382
7542 15
6439 3161
6477 3316
4592 2508
2540 7958
1889 2152
2970 4706
6604 5336
5976 7061
4689 3523
7353 6499
6337 5546
1550 3702
6742 3494
3356 1884
5842 8000
1078 3732
6550 7593
6107 7454
230 4290
5949 3071
6533 1713
4780 1818
4912 1959
1033 705
2132 6792
6930 6268
7061 3057
5909 848
6444 2221
872 6642
1483 6233
84 6097
7468 7115
2956 6929
2623 7738
2236 1492
4134 1844
5065 2261
6854 4004
4557 2233
7021 6592
1686 1618
4670 1192
6643 4840
7163 6737
3831 2766
5456 1451
2643 7064
6143 2121
7661 5641
1825 2217
6826 3280
7648 653
7815 1527
7267 4762
572 3508
5463 6358
6602 3160
3942 7596
6729 4397
6374 1688
2333 3454
3363 6777
3815 5451
5433 392
1009 4733
5860 5222
7668 6852
3086 1291
545 3200
7442 5473
1824 7641
3002 7768
7822 5418
4485 2682
6550 246
5015 4995
6611 7246
1484 922
1969 218
7181 1391
6621 4823
5917 2348
7515 6048
2939 5720
6073 4709
169 4295
2172 3100
6441 991
7024 6911
2007 4481
1496 2494
280 2296
6202 4315
3838 5230
5804 4871
5154 3147
585 3651
7230 919
1237 2568
6853 3863
3313 3443
1503 5869
1734 2932
5934 1294
797 1980
595 5363
6421 1944
3750 2177
3121 6462
4939 4546
5506 2221
6047 3446
3392 266
4396 5273
5559 7423
6619 1408
7036 3124
3275 4596
7652 4340
2091 1046
1412 6650
4720 1883
501 7673
7814 6692
7693 80
1978 6041
6078 89
2928 2790
824 5626
527 3711
94 6919
6036 4516
5165 4974
593 3525
1298 4180
7207 1328
3382 5360
1931 3044
7868 982
2562 1425
2384 6506
4598 3319
171 1254
2477 1520
840 4312
6895 7044
2347 5071
815 4149
614 3098
752 1049
21 5920
7748 933
6710 6230
7207 7606
7377 3913
5902 3619
2239 4396
680 5348
4418 1744
493 2135
7372 2353
4491 1852
17 4746
368 5692
7706 4521
26 6402
3711 2956
6077 6382
2327 5934
6346 7549
3864 3593
1610 5835
3440 6207
463 6598
7344 6880
2962 4921
7562 1475
3609 1691
4587 2274
3384 4054
6257 6626
303 297
2950 2226
5328 2051
2949 5085
5817 7794
3343 6856
760 2511
191 307
7204 79
846 6652
712 7868
4319 5781
6502 1622
4983 6789
2415 5966
1123 7648
7282 6465
2205 4501
7382 2076
745 3721
6681 5694
6972 5129
192 6622
2662 428
2241 5444
517 2523
2156 7459
7797 7701
437 3411
3307 2314
6207 5958
3158 3223
6817 5492
830 3019
4168 5770
2546 1506
4592 2687
6653 4449
2627 1847
3835 2883
4495 7702
891 5075
1312 2034
1645 6488
4287 5996
4629 5833
5459 6317
5667 7921
4946 4914
6083 7828
4352 2784
3309 1422
3071 4194
3838 1879
7591 8013
985 7435
442 1953
4982 6704
6782 6523
5033 5044
4500 857
5611 6211
3855 6297
7066 1265
1757 7907
1559 6771
1880 2160
7865 830
4770 3178
3594 4842
4032 530
6287 4815
2141 1556
4775 3258
86 6426
4762 7279
5446 6223
3263 3696
2418 3184
3509 1467
2671 7283
7710 6979
2007 900
7162 7944
6135 1619
3524 7916
1797 1820
6720 1686
7986 1484
4226 5254
1019 2458
8010 4140
1427 4267
398 7694
3139 2406
5481 5985
5797 6840
5779 1208
710 1402
5316 218
4386 100
520 1159
2024 6298
2720 2579
6252 5168
4021 5668
1217 6887
1145 6876
5143 4270
4862 121
798 7942
5173 4631
5666 7367
5844 6081
5849 5668
424 7783
4865 2099
4278 2292
1383 4381
6317 3451
2291 692
1470 7595
2123 7827
7458 5974
1219 726
4862 3849
6462 4982
4712 771
7709 5280
1074 6722
2718 274
5100 1178
4317 7660
5819 3133
2786 6816
3795 4528
1690 3640
1646 3389
4934 5864
7311 3200
306 4199
7691 6709
6248 2247
563 7172
3483 1084
7774 5325
631 3009
3731 3382
7454 7789
2403 2911
6413 3904
5358 5533
8009 7769
7445 5560
4306 5445
5899 3920
479 7023
1685 3968
514 4753
3103 731
4962 4116
1335 2022
5558 7330
785 6968
4565 5971
6174 813
6996 3487
5503 7227
5368 7077
2827 341
657 6219
7651 4513
4918 3159
6575 1414
510 2887
2550 403
5096 3113
7909 2734
7234 3367
5940 4237
275 7521
7382 3866
1686 600
5165 2909
2904 6258
3313 5098
2426 4422
3409 5380
7857 775
3636 2450
1502 931
4550 7782
4784 819
1660 5862
1501 3475
7559 5083
7265 5591
6280 5032
4385 7218
2448 7239
5935 5734
5923 4800
6954 3992
3215 7938
3393 2301
3384 7320
4561 4399
4195 3094
2267 5307
5370 2209
1902 2390
3067 4665
6247 2975
1203 1535
5879 5018
647 2491
2119 979
4780 5684
4007 4407
6507 6280
6923 1019
6027 5852
5610 6206
330 6961
2000 4419
5671 31
4673 6164
2755 4298
1611 3226
2855 7725
3895 1173
3998 1543
7535 1445
6819 6597
2114 820
1876 603
4426 6639
5207 1787
5058 1512
924 4855
2195 5637
4196 3462
1083 1843
8011 896
6659 4207
4993 4427
3834 6795
2904 7894
4449 3871
6107 1617
6537 4179
3373 3943
2002 5530
4315 7796
3035 4470
5618 4961
4983 6079
2974 1419
4139 1277
3808 1650
7742 6441
6486 2033
1999 898
4575 7634
2036 5192
1316 3125
4866 7467
3105 7185
7990 3699
3281 4547
5810 4639
5495 2292
7444 4571
1976 2643
795 6284
1099 7969
2932 4442
703 3022
6583 1700
961 4275
4266 489
4447 4957
6094 7117
3871 2877
6987 5468
3260 6646
3813 2109
8020 169
5022 2328
4949 1004
7035 6621
112 1689
7559 7128
6369 677
1578 4668
779 4314
1551 5893
7081 2239
1004 2040
6892 285
6553 424
7774 4023
5785 2818
2592 7808
6518 2783
608 2351
832 3209
983 3002
7996 4358
7878 6251
3271 6302
1070 2773
7139 6609
1972 7315
6571 7123
5220 6421
3829 2410
6942 3955
4834 4378
402 3795
2154 1347
7296 1123
7034 7598
3309 3784
388 4647
4903 5273
149 2362
308 3458
4889 3889
1344 956
7290 5371
88 6923
891 772
1871 183
1726 6031
598 7554
2730 2347
2307 4299
6383 265
1029 2776
2845 1925
1725 3674
4835 3169
2484 1503
7667 4860
4705 2372
5633 4035
7220 2973
7438 5379
7347 2269
5100 2077
7595 7981
144 395
4195 1939
715 2668
6022 914
4627 7108
7358 5394
5062 7230
6513 1149
7996 6928
4368 1185
6910 1994
3796 3390
4418 4167
6945 6851
5615 7971
7195 2526
4275 2709
2891 858
7988 3155
7473 6368
1743 2542
772 3186
7647 3464
4860 1634
1327 2389
6636 1388
4948 803
219 148
6432 6497
3237 2135
449 2792
48 7040
3472 6051
1913 2742
3199 4970
3835 6791
6728 2115
6786 2047
890 6571
6803 2813
6451 7620
1620 7324
614 6057
2516 2100
1566 7667
645 1535
1581 7497
4008 5226
6670 4044
4107 4571
154 7813
3814 2805
2702 5140
1934 1602
2914 7692
2424 2090
4194 4296
2020 4613
4267 894
99 7495
6404 2023
5766 3814
1936 5343
6075 1522
7159 7989
1326 129
6534 2095
4932 6178
4808 878
5589 7632
2050 6859
2725 3132
787 5678
6231 4670
408 2319
2660 7535
5272 1696
55 6953
7776 3432
3010 7357
1863 4799
2364 69
5716 2329
4857 6786
6720 4756
4625 5933
5369 1323
5272 366
3884 3368
7478 3490
4404 6844
2582 4709
4041 2859
4891 1425
2818 169
4191 5691
1125 7247
4583 499
1609 4089
6098 321
5683 7834
253 3857
2143 3846
1056 7817
2591 4418
3194 6044
3962 1169
542 5922
3168 751
6059 6789
7485 2256
5928 7681
7658 920
4533 4495
7135 3491
43 4309
470 7747
4208 2143
6834 353
5544 2619
6505 2789
1364 2341
5339 4704
3396 7811
1217 7259
588 2377
5600 5047
1176 1592
4150 4172
2565 745
2425 1118
3311 1786
2416 7095
2211 4210
5566 5673
893 6706
3794 5844
4789 2034
6180 5568
3669 6791
4340 6538
2240 99
1448 6546
5719 129
268 1289
1567 5954
4529 3637
2064 7415
3612 5146
5762 448
6470 7197
6252 639
5600 5140
7514 1597
1334 2290
402 8006
1615 1835
6542 4511
7134 5573
3815 3035
2182 2929
860 6392
1504 2350
7478 2149
3190 560
3911 6274
5532 1999
47 674
5248 3205
3104 6079
5348 2114
7973 6710
7169 3471
5999 932
6090 5333
3100 5156
4167 5914
4317 7421
7662 2658
1188 3648
4233 4338
1387 7333
3861 7819
7183 5992
6557 4281
5647 7091
7114 6059
5200 2513
7929 7428
1598 1547
2377 327
293 4403
3855 5517
4044 7968
1856 6890
2877 2692
2387 2697
5394 7973
2864 6447
4835 5417
1955 3968
6775 6831
4079 7000
6861 3839
7943 4908
7818 2118
2414 1718
275 611
3358 7901
1387 7726
6040 6886
5525 4331
5628 5169
217 5287
1334 4173
6899 5214
3230 1856
1891 4464
3162 2680
1417 699
356 2366
2509 1860
3458 5149
2125 4821
7588 3910
6181 6678
4388 5870
7824 7815
3530 2390
1000 1061
7785 4377
6296 4967
4548 6212
5626 2381
7265 2256
6711 4489
4876 2018
1894 5201
5360 5387
2957 4206
7993 422
2317 5806
3532 4742
5588 3220
822 7798
668 475
7695 329
2435 4448
2977 6513
3694 5483
3456 3616
7423 836
3698 3341
6215 3844
7746 4138
3735 2013
5164 3803
3662 3876
972 7532
7405 183
4560 2275
5235 5955
6947 7275
7928 6981
5513 2982
4720 4323
376 1154
2856 7425
979 2437
4353 3015
2439 6014
833 5384
2273 2250
4856 4356
2655 7613
8021 681
3065 526
1931 7546
7086 3536
5507 3813
705 1138
5329 7231
5731 7960
6962 3729
4690 3099
7830 3991
5749 4056
6063 95
179 1881
2827 3769
6172 1461
5120 2443
6708 6945
7722 6107
1439 1058
5041 7579
1959 4282
7692 2790
1318 1583
4527 977
1437 2383
7060 5810
1306 2382
6670 4315
6136 1738
1177 6853
963 1230
6225 1290
6445 5755
5116 638
996 5113
7653 3932
4746 3231
1456 4597
4784 6440
3892 4212
2341 8005
6650 546
7387 1975
6809 3573
2410 3474
2048 110
4500 5123
2622 6015
6435 5108
1233 6502
4205 3523
7176 2643
5947 2604
3668 5901
1976 6224
3696 4181
6433 3293
3463 7456
1698 4022
2069 417
337 5360
1014 3524
1348 3190
5312 665
1714 475
3655 6972
5219 5777
5974 224
7981 5261
5828 7837
4798 6755
5902 4807
7975 5768
2774 3994
1824 5704
3069 5654
4965 5396
5476 998
5074 5423
1854 3880
5584 7252
4420 102
2425 5013
743 7722
2449 5572
4226 6174
5280 3267
1213 4627
3237 8025
4761 1022
2334 1108
4676 4909
3706 7051
4500 5323
1468 3601
7386 5042
7236 549
7008 6077
2892 5125
5707 6915
4375 5864
4455 4083
1014 7172
3674 2189
124 400
2073 3941
5326 6563
3844 7984
2579 5638
4544 5529
5388 2421
6861 1528
1679 830
2297 128
6308 4592
4456 3212
7204 902
4619 1015
4049 8027
6832 6262
1716 4636
4156 5279
1198 7539
7969 2031
6462 1201
3262 1637
6900 2081
5753 7248
6230 530
6582 2495
1847 5495
2422 3713
4444 5114
5741 5716
4379 5372
1874 1041
4920 5262
2148 5673
4817 4690
3471 4768
7607 836
1539 185
4001 5920
512 3161
1550 6296
1688 2482
2592 7330
4441 4981
4421 1777
5069 1599
54 2684
7620 5769
1347 7534
26 5437
4518 414
2958 1515
3255 4496
2205 5228
6159 844
3426 5327
3915 2627
7135 4762
5661 3501
7900 3188
3075 5912
281 2793
729 2991
2235 2028
1155 7982
3437 5687
5114 4806
6085 7059
6603 5037
4200 3341
2828 7150
216 5925
2934 2851
1739 5125
6421 3704
6678 1642
7770 1709
5133 2362
4128 6764
3004 1990
7468 6973
6376 7951
1040 2603
2384 3994
3492 3569
5833 5985
4975 6361
7755 222
5073 6018
4276 3791
7190 3136
335 3253
3512 2509
5421 5898
6449 1092
4010 4872
3138 5365
3439 2047
5259 826
7837 4070
6282 1588
7366 5296
6157 3751
7212 7449
6938 6054
7531 6064
3920 5637
2832 2504
4033 3025
4158 849
355 4620
6983 4572
3499 5823
4956 1612
308 4705
6241 6327
6690 2452
5808 928
5335 6532
5609 3190
4514 5671
6321 7071
175 2214
6075 7646
2196 2217
4731 2335
5649 6996
1574 6851
4373 5660
3766 711
5171 2244
1101 1820
53 1545
6155 4260
6620 706
3738 5525
4009 380
5091 2515
490 7349
3249 7527
2342 5270
2383 4445
4911 3953
4546 6691
6147 1875
1070 7589
5381 2227
2435 1929
4896 6133
7647 830
3295 4429
4370 7125
7719 5528
7994 1567
3532 4892
2531 371
3095 5167
3476 6302
7287 2157
3550 550
2073 809
1568 3631
6731 4854
3485 4828
5290 189
4864 3226
5079 4806
7721 1578
4305 2974
7201 1152
5974 1079
1651 4409
3268 5804
7956 6463
1078 389
7353 3304
6560 4617
4644 3908
4488 312
2062 3049
5738 703
5173 4836
5133 5814
7956 4896
6213 5751
3329 2748
77 7824
6889 6906
5438 6489
5920 6299
1335 5113
4659 6297
876 4913
5044 6233
6072 3309
5036 921
484 1779
4017 3864
3161 3156
1353 369
3947 6325
4929 4116
2404 7627
2341 1127
988 489
363 7624
5372 2187
4390 688
85 7015
3877 2452
7773 1042
6131 4821
2030 4421
486 2356
3915 6258
7077 4960
3214 297
257 1129
2881 4343
7430 1000
6552 2519
2763 2477
425 7973
4004 6423
6537 1502
2983 3177
7376 3130
1656 7887
6341 1823
1110 3837
2965 2466
285 7492
4998 2375
2803 1275
5338 3983
370 1267
6518 5052
499 1196
3093 6614
6070 2509
1061 1123
1407 299
1144 6487
798 7819
6930 5190
4734 1665
5350 1364
2885 5929
2732 5442
1747 4258
985 2847
4536 7837
5553 6429
7200 30
4497 7008
2685 626
566 7704
4756 3659
1605 1831
7925 3399
1904 3364
654 6493
7896 4401
6491 2046
3617 6760
3965 6160
4917 589
73 1935
1760 2870
4254 944
1624 1803
4697 24
5276 1194
481 475
5119 2867
2185 6730
6769 868
5266 2681
2987 4692
2929 4880
4377 6000
2094 1541
6010 4499
7073 5121
4699 7011
3240 5208
3804 2133
5786 4302
786 7008
6897 1448
232 7920
6552 2279
1646 1456
4900 2128
2327 3244
3029 237
2403 6566
4062 4253
1969 6267
2456 5867
2080 5409
101 5800
7649 689
4603 7353
728 2724
1331 1541
2184 3897
60 3324
7967 1245
6093 1382
4825 1350
7032 1051
2662 5777
7774 6717
1569 5632
7773 6167
3806 596
5914 6672
226 685
122 397
6286 4230
2878 6664
1075 3206
3126 7680
5508 7757
1257 7562
365 1579
5159 466
6720 6633
6329 7442
1349 7416
5715 1400
2703 7468
1819 1025
1509 7838
63 2794
1620 6588
327 5827
5163 7989
3616 5613
1750 846
1957 2776
6404 4193
6955 2351
3653 2232
339 5825
5763 1046
6620 4870
3984 7162
5921 5496
4849 4384
7316 3351
3505 1342
4949 868
7715 2991
3923 7125
5065 5143
1914 4110
6254 6793
7346 243
6530 6147
4131 5145
7850 1672
998 4698
2783 48
3567 1333
888 2311
3546 254
6501 1071
1391 643
2324 6771
1718 2993
8008 1659
7356 3406
5984 6285
6285 7554
7990 4872
7365 5178
6553 2635
691 7472
6226 5766
4630 630
1037 2448
730 1482
2736 442
4454 1707
7168 3722
2174 165
7855 252
5810 740
2649 2567
620 2774
6843 5278
5191 1710
5903 6621
541 1487
6410 1279
7060 2167
1546 8
2608 6888
2471 1034
7616 2702
4139 4194
1368 5914
4664 4851
1119 5926
1557 4380
399 1095
1243 6005
7752 4787
2275 1083
6568 6937
4242 2690
1829 5670
6077 7279
4806 1562
4989 4200
5793 3669
3640 5944
1852 94
2214 3256
3272 5900
7203 6449
6254 6500
3714 7680
1802 2248
3344 29
4974 5657
2437 1643
6563 176
4769 1045
2062 2460
6374 4008
5058 2104
432 1916
1627 6195
7474 613
2956 5277
3362 4743
3318 7131
2499 6104
1321 1170
1002 3336
7966 6051
3473 6989
645 4698
1901 1752
4787 7342
5357 5514
4042 2463
3433 2080
1454 289
7908 4733
7988 5988
4519 2097
3619 6204
8027 6828
3245 2849
3215 1686
6195 3398
440 7883
1674 4315
7035 4525
2131 1109
5956 2733
6408 7435
4119 2948
3629 7061
2443 1448
3166 4509
6657 1218
3842 3289
560 7472
1662 3877
5749 6097
5158 6460
6498 4363
814 2757
498 1384
6090 7967
4293 3488
1341 5457
3741 1097
692 7474
6033 733
5180 6614
2193 2038
7124 4649
5158 350
1273 196
2017 4697
5158 4327
7167 3496
2878 4595
3260 6557
2795 3874
5469 4826
1978 330
5621 5310
403 7127
2706 8023
7451 4637
1074 4864
5449 2027
4211 6364
1280 4225
6279 5824
7666 6092
2303 5531
1448 4461
881 7628
5499 3103
3937 466
6170 3354
488 3446
6002 3891
7931 7845
2981 1111
7868 6719
6484 5357
1473 7342
4285 2938
3448 7747
1280 5244
3332 6786
4218 5677
1109 2036
1816 5585
7193 5903
5246 5858
883 4741
6863 7244
3305 4602
2654 4489
3800 7097
42 3796
6375 6898
4348 1883
4188 7897
1188 1245
3938 4907
6719 6850
6947 2270
290 1958
6021 114
3633 7435
1712 2136
5038 7523
2480 2542
7203 1359
3602 116
7285 1352
6384 1330
474 5506
6811 7740
7192 7047
1494 3471
7504 2865
3797 3731
2842 3966
7047 3263
6986 7029
640 3278
2810 5778
2255 6315
5937 2018
5938 5218
639 5117
826 2193
1114 1822
5078 4462
6334 7631
5017 2257
7069 6070
6276 5376
2992 1610
3922 7873
3942 8005
1702 1011
1563 5194
1365 4757
3233 2953
5477 1265
2585 4841
956 6171
2473 2120
2761 4136
6974 7404
1449 6840
1062 7133
4661 7111
3799 6945
778 7479
7282 3490
3884 725
5950 7299
2953 5334
7527 1614
3197 829
4231 1303
283 220
2937 756
613 2038
515 3809
491 5832
206 7116
1203 7459
4544 6481
7934 6532
4122 4255
5996 1526
6875 713
2805 4463
2905 6215
7714 7913
6114 4978
902 75
7491 5650
5985 2329
7197 6131
5660 7387
3308 3111
104 6788
7504 3351
332 3174
5568 7754
6289 4519
221 6924
6742 231
5712 804
2807 4466
3440 5957
6891 5504
5446 7438
5759 641
3141 4846
6601 5392
5215 7766
3155 2780
5184 5971
7268 3343
6650 1582
4777 6376
3391 4173
2849 744
3475 1974
1542 3710
5008 4862
3284 456
5181 5912
4470 7032
5955 2464
3789 5805
5062 3560
2413 8017
3215 7691
1837 3031
5555 4728
4263 6797
1233 1243
1278 913
6916 6464
1362 4204
5298 857
3543 6836
7907 286
4778 7509
238 4532
6574 4525
4334 687
4392 1287
4655 6811
1571 5520
6001 1211
6728 4898
4399 7162
4274 5762
418 6024
4252 2472
7550 7924
5707 1738
4338 5754
1882 3429
3056 3655
3727 4904
2292 3918
5680 117
3861 7882
7403 4838
1157 591
6845 6631
4516 2851
608 5062
7667 4562
1831 6933
7706 6383
1823 6735
4373 7506
7850 5423
3265 3610
6637 7727
2856 5107
2734 6678
5053 3916
5327 2705
7013 3352
7408 5430
2061 4255
3969 6566
4001 2898
2536 5973
5767 5871
2519 456
2143 3048
6597 7788
3689 3332
6218 7297
2731 2175
1362 1566
6882 2883
5317 669
669 835
7916 4427
250 5964
4399 2477
902 3334
6099 4354
7342 7121
564 5768
4760 4361
1301 984
4692 6817
669 1969
4638 1519
1801 1625
5200 5682
3174 7118
362 2018
1300 7390
6386 1889
3368 3078
6172 843
4839 4139
1722 6121
741 6501
5854 7948
3588 6103
3734 7766
1291 2679
5704 4705
4582 6845
6431 2444
1986 1306
6406 3113
3044 2457
7925 4849
3611 6627
5274 6823
1366 5499
7479 6893
2681 6211
4349 259
3732 7393
1772 1810
5424 2901
2724 3864
1321 325
2646 126
4534 5408
3571 553
841 662
390 2649
4025 814
1879 6031
1255 1787
6655 1370
3474 241
4901 1131
6198 660
500 6418
1073 4281
6799 1128
2614 7055
6102 7498
1805 6410
2691 6726
7825 1465
1877 5296
7653 1250
6500 1002
2773 7043
2219 1234
7235 5891
248 2794
3933 4513
4308 796
7669 1722
1147 5732
306 591
1189 3055
7317 2700
1328 479
994 6548
5263 3777
1084 5152
6684 150
5332 3743
74 1717
3758 7675
3173 159
6235 156
5626 6852
4517 7222
1185 3313
5102 2061
1971 2008
2547 3944
5995 742
7292 2757
7009 2337
6042 7855
5678 6369
3465 6540
6408 4572
5683 3973
5080 2097
5127 3270
3711 2865
2766 5204
322 5761
6560 5098
5940 2447
6900 1843
3164 3199
5139 7260
3923 1486
6181 3266
1628 2934
6605 3821
4468 2198
600 6128
5378 6272
3660 6745
7045 2934
4987 2000
3463 286
5577 6778
1771 1266
979 6957
4670 231
6237 3398
3556 2536
4782 7435
3614 4453
3444 1426
1257 7702
3102 3998
295 7942
6418 5226
5257 3209
7100 4252
571 5675
1302 5924
3343 2894
6804 1350
5193 6703
788 4580
5209 3832
5088 4118
5130 1188
3922 4521
6632 7331
220 1522
3062 4992
1255 2871
5333 5303
2039 3848
1324 1490
4311 4323
1958 6904
3159 2934
2204 6575
5426 3254
7845 1483
4540 3022
6603 1447
2032 4068
6339 443
1890 2933
7086 1412
8019 2400
2706 6398
2862 2013
1250 3451
97 7594
6854 6026
3914 1290
7002 7518
565 377
6110 494
4512 6400
4407 5969
2542 1767
6245 4054
2082 2235
6900 3041
6065 1186
4217 7359
1479 6820
7295 6822
1657 6686
2794 6009
1966 3339
3380 6294
2014 7466
5197 4069
74 4750
6831 2374
3274 1872
2642 2904
7742 979
7837 2064
439 2211
1393 3130
2820 7360
2708 5885
761 5509
6197 399
1709 3109
1150 3489
3996 6529
5062 785
5113 5188
2004 2498
2582 4334
2228 7354
866 3134
6964 7747
2362 2396
2136 5016
5085 3547
6973 3986
4227 6732
6395 2681
7235 2503
2861 4231
7383 3085
5118 2050
1325 4666
7036 1397
6588 6635
1678 4261
5636 5396
6701 1366
2086 3072
1272 1547
3761 707
183 1995
482 6079
3057 6717
2950 5526
1171 6512
982 627
4493 2467
5351 3998
1259 2259
2045 7633
500 285
1222 4440
3241 153
933 7772
1727 6238
4249 7071
1981 1850
3959 7550
2966 5715
1787 5418
750 7958
489 6135
5897 653
6819 4629
586 402
1590 831
3699 7617
2621 3656
7613 7990
6832 4599
115 2231
6841 1017
4638 6866
2327 6656
7122 3867
2095 2854
2643 2074
4642 6340
388 2158
2166 4510
5949 5244
6224 3846
3660 6314
2782 5248
3020 1366
5638 6677
4532 5936
3788 4010
2252 5926
4166 4643
4496 3064
7882 3520
360 4856
732 7923
3890 4929
4865 4908
561 395
1188 5567
2306 6474
2637 3538
5640 5410
2512 2393
6354 7665
1636 567
1363 4930
2162 2307
7584 6757
1470 5268
241 5138
5908 5463
5945 5266
6123 7509
5563 3515
5746 2366
3437 3219
1005 87
2305 7912
6833 503
7147 3838
5219 6330
2075 2426
5559 7945
4177 3593
871 7142
4792 1625
4847 7910
6498 5086
3129 6823
2718 3186
5199 6412
2457 7563
7812 4392
2621 4428
5800 1827
3986 6411
3804 224
6565 513
7087 2764
49 5959
7112 6908
3443 6831
5031 1252
5809 5547
4089 2899
7964 6815
5096 5908
3434 6332
5421 5608
6131 5773
108 524
153 1167
4793 167
5045 4303
4220 6646
4545 7549
2597 5312
6851 5964
669 6088
7081 3081
7019 415
5814 5457
747 5836
1742 7477
414 1577
6261 7623
1628 556
4926 1964
2412 6826
3096 7878
7806 2494
5216 4340
470 4193
6569 5940
175 6322
1845 4631
179 43
1725 6011
7060 6935
1723 1398
1034 2323
370 6421
6632 1781
7934 6364
2459 4955
4252 4961
2206 7772
7161 2746
4077 7309
2904 744
7515 430
4181 4541
2601 2347
2832 1053
965 3062
4805 1040
1619 4120
1244 6487
2920 3391
4607 2256
2635 5468
5483 1225
7709 2099
6722 156
3299 4319
1250 5289
923 2609
7931 5859
6976 4714
4446 3852
7125 6251
3102 3456
930 4963
4445 7918
358 1569
3163 2582
7478 5425
3264 7865
7246 5178
4432 7327
3766 4339
4579 1410
6904 1166
4936 3479
3992 3233
5562 2284
5931 2758
473 5753
6730 1434
5527 6682
7791 4217
5726 1600
2298 6764
4017 5960
1 995
5941 7302
3554 4610
7011 4751
7933 6409
7314 4782
5471 4626
6912 5225
565 5509
5573 7615
6420 1273
2888 979
1205 4758
1535 5444
4531 6133
6261 7725
4382 2410
2576 4702
5888 3572
831 4580
4084 576
3386 3266
5298 4926
5290 2881
843 7724
6117 3748
2801 1370
1796 2386
7989 2626
2464 5511
7793 5324
3451 2685
2121 6343
4482 4599
7056 3093
3982 4872
5247 7906
7164 4149
7500 4159
3838 2161
1028 1516
2467 523
5794 298
1130 4915
2660 2693
5162 7217
1199 1869
2239 7208
3311 6465
4158 5737
211 6978
1378 339
5447 2619
1156 4882
6428 1557
5945 7183
4232 5745
7517 7574
3242 4071
1751 6613
3021 2886
1881 7358
1150 287
3602 2896
2504 3928
7196 2814
5492 241
2399 5588
1122 6782
20 1232
1429 2823
2339 1029
1531 3731
4975 5994
3531 3389
7227 531
4033 6183
3747 6987
7239 4706
7128 7653
1684 6871
6505 259
5642 6442
3886 6874
189 1452
3997 7093
848 6242
3438 564
1733 5671
3474 7894
8020 3950
6830 4638
3729 7845
5730 2458
7324 6867
7853 1304
6110 3371
5625 390
910 5362
2531 3596
7721 3080
7561 5455
6478 1719
2151 5722
3744 7699
2829 4003
6780 4357
6244 4853
3030 7521
2393 1086
2837 7473
3785 672
5080 3860
5551 4142
4980 1273
6571 4298
3377 5408
5388 6578
3288 6548
4933 5909
4673 599
1304 3008
481 6399
446 4565
2230 398
513 4528
832 3983
3275 7642
7603 4185
3765 420
4704 2547
6695 7402
3103 3824
629 3791
7349 1490
5340 3687
5695 6662
7814 4014
6437 1343
3896 8025
7018 754
2137 2948
6006 66
5290 4955
5899 823
444 7354
5697 135
6412 2419
7466 7924
3747 5949
3302 6633
4460 6410
1853 4225
1162 1932
2634 2739
7242 5413
574 2078
7019 4845
3757 582
7918 5056
4332 5929
5763 2676
6670 248
7827 506
54 7380
6146 662
6887 5471
2197 6635
4662 202
1850 2051
7877 210
5568 266
3744 434
5308 5754
401 3192
7719 4055
1752 296
7660 5892
7645 5220
7949 7558
7781 510
5262 1771
7097 1176
3323 4156
5534 4079
27 2823
3908 2591
5818 2511
7741 3655
4012 2684
3078 5810
5119 2667
6911 501
2438 4420
2776 7723
4205 3309
2621 1417
7584 6704
5982 6910
7281 7632
6287 1197
6847 103
1201 5259
2201 1824
4735 5557
6751 4447
3901 5578
4882 7577
1448 5808
3400 2761
4699 7415
6422 1090
3884 3193
317 1212
1168 6919
5471 1070
2932 727
671 2768
1702 3195
2363 5505
2927 1637
4175 1909
4561 4675
1127 6040
7199 6895
4047 128
234 6781
469 5507
1202 4474
7923 1199
7378 4095
882 4732
4578 7866
1592 6566
7316 3344
3776 2624
2181 2124
3846 3024
7724 953
5763 2881
2510 1388
7691 1110
2340 6116
4854 2635
4854 858
2069 5125
6597 1447
6596 1053
5223 3762
6326 3374
3865 7515
7201 7970
937 1566
5910 335
5008 275
4635 7705
332 4811
2729 934
3515 811
2324 5553
4338 5436
3282 1470
1885 3585
7254 7301
2909 1927
1276 3314
4466 4582
6155 34
3678 7222
3133 2702
189 6692
2081 7733
361 7126
2437 6876
5237 2313
7013 5434
5904 18
3859 3491
7836 3985
1838 850
487 7815
3926 5508
7268 5765
7191 2220
5349 905
1044 7528
467 6029
6645 7174
2605 4872
4135 5869
6136 5641
7846 6704
7716 334
5035 3418
2033 4172
4455 929
1458 6684
3459 1251
3957 2940
4454 3620
4516 5278
3120 5741
5447 1374
389 2228
6451 3724
2722 2498
70 5446
6801 1104
1019 7497
6287 5546
6829 4613
2741 399
581 5314
4815 7369
4885 7962
7352 4711
3992 6096
607 2100
868 771
3252 2883
1906 2572
3068 5965
4495 3565
7675 6667
557 4838
3313 290
7885 6371
2633 3778
7599 7371
3456 6616
44 833
3627 492
6419 7287
3392 7128
7334 6653
7981 3474
3635 31
5026 1177
1199 4107
5452 4101
1787 3617
5401 1038
6014 3947
7089 42
7899 3902
2484 6830
2954 4116
566 7763
5016 8027
7028 745
3773 1641
7032 7821
3956 6731
356 4592
1864 1271
358 1225
23 7475
4308 4896
552 2812
709 7179
6501 1754
4994 584
5282 1606
5378 3055
6220 3027
1804 3382
6981 7421
6974 349
4649 7003
2786 7824
623 735
65 7889
2945 6178
598 6314
65 3760
3030 971
6984 1667
6322 1703
54 3730
780 2795
3988 4740
7548 5593
423 5239
7503 4817
2909 6638
4493 5380
2013 3707
2292 7801
2576 1569
5505 5868
5775 4980
2137 5517
2799 6998
4085 5612
5005 7429
3533 5475
889 6930
3375 2094
7322 4547
7881 1573
2218 4869
7895 5874
1727 7466
6224 892
5236 3014
4371 7851
3307 5155
59 7893
5137 799
4884 7182
1737 3183
6172 311
5342 6213
1829 6904
1424 6866
3989 3711
6682 5017
3806 736
681 5378
2328 2106
6345 6933
664 2647
2481 1157
962 7234
4312 4199
6511 547
7878 5661
2282 2226
2637 4331
7159 5055
3656 4175
4526 5529
6799 2837
5470 6142
6659 279
5117 3810
5605 7166
1829 6456
5410 4505
1121 1803
1082 6760
7479 5224
1634 4621
4960 6499
7174 4509
2012 1899
969 2537
4688 2249
1643 1519
5412 6752
7274 1710
3554 337
4346 4587
7628 648
3104 6502
2237 3493
7911 1036
4418 5639
5996 4406
269 5403
6426 5575
2847 4799
181 948
1076 5492
3007 6787
7280 7926
7883 1398
2701 4962
4419 782
2416 7793
7422 468
5964 5409
6186 1310
2853 1424
6277 2086
7939 3145
3611 5205
3570 2636
5817 4218
7858 3083
910 7326
4258 3644
3463 4339
4468 7256
5607 6393
114 5859
3498 549
6191 5638
5332 6809
7592 3856
3373 4260
4532 2680
5993 3487
3083 428
5038 3059
7875 7911
7472 4710
1609 56
7839 8016
6332 6174
3021 5286
6727 7981
2601 6383
7375 4271
7566 6187
603 1689
6051 2218
6063 1151
3868 3131
173 2842
2866 2168
278 1854
798 4136
2356 7155
2621 3052
6009 5680
1856 5023
7811 4030
2657 7886
1680 6612
1726 3066
4826 6331
7280 6155
3437 2151
5128 2240
1293 3245
1011 6220
4919 87
616 2486
4506 5365
1775 827
1533 287
3467 7130
4016 7282
4099 3638
5795 4693
576 4343
4697 3322
1975 6196
533 3772
1063 1696
6826 1440
6779 4579
4238 2096
7539 725
7622 6776
3355 1417
3607 3333
6753 6198
314 2992
6531 928
6910 4123
4215 3584
6484 114
435 5521
7174 7973
3184 3464
1049 2828
4129 564
3036 177
6062 1430
7236 6624
6410 7617
482 5166
15 4728
5056 9
6211 449
6324 7124
4150 6820
1904 6920
3636 2302
3277 1374
6415 5196
2200 7930
640 1879
3154 4164
8025 1833
5741 1496
1957 5685
4535 3554
2603 4339
2158 4603
6773 6910
4455 3118
5554 907
4406 514
88 53
1403 6623
4451 6562
4648 255
2068 4370
6563 5044
1022 4791
5188 4717
6512 6790
4705 2131
2198 1004
1913 4022
231 3160
3723 4828
2975 6170
5713 2658
7867 2192
200 2687
2433 1363
69 7660
3482 4585
7291 2855
7046 3736
166 6331
7473 7387
6681 2145
6453 5157
3290 4131
3109 5883
7985 6987
7573 3053
1776 4717
4590 205
5689 7521
1934 2954
187 4523
7188 5107
896 6717
1905 4425
6112 244
3246 557
2666 5295
5920 4550
2304 6588
4004 1795
7317 1950
5923 5135
5909 3052
4643 5953
1789 3364
3952 5698
7493 7422
4475 5068
1364 2670
6035 5438
3708 4479
5659 5339
3576 2918
7303 220
3607 3980
7194 2033
2334 7108
828 3152
1814 6143
6593 876
4303 1042
1895 555
2715 7663
3813 4304
4366 5613
8020 3992
3443 6096
374 5998
2552 803
595 6774
3268 3758
4567 3558
4410 4350
1192 7936
4983 6301
453 1280
386 3880
6888 6374
5057 6579
5302 336
3956 5034
3225 3977
1815 2969
6854 4504
2100 221
3295 1675
1830 5076
3820 3733
4459 7127
1570 6506
1616 1720
197 4425
4999 5076
6207 215
2811 7372
1337 4349
6867 2048
7386 5248
7625 6372
1746 1658
369 6930
6967 5146
4737 6182
1501 4186
1311 4063
3874 207
7353 6870
975 3631
3792 3578
4519 5374
5171 6399
1080 1986
4776 6570
3276 1777
6997 6820
1675 6843
5517 1712
4763 1916
6642 7507
2963 6647
6397 1006
5171 6259
7750 2550
7166 4441
3278 4099
2741 1988
7746 461
1806 3774
1955 3651
509 7181
996 5661
7908 1019
5153 5967
4694 493
161 2088
2224 1689
2208 4238
7228 303
3312 941
6537 1004
5813 6121
6933 1346
2287 6280
5872 4722
4666 4412
5658 3221
1265 2521
5887 6117
1940 6145
1427 6156
5999 4795
4845 4477
2675 5178
7921 5607
6209 6745
3673 6631
861 5949
5251 1711
756 355
2007 1180
3751 3495
870 4115
4227 731
3508 6153
4278 7092
6567 5312
4252 6269
5630 6651
1834 2006
7852 5427
1820 3458
7683 3535
4435 1548
4181 6817
5608 4572
3824 1739
3619 3901
4511 4437
7221 628
5727 840
3620 7764
1822 1827
4032 524
3097 1328
6709 7935
7583 4192
811 6350
402 6059
6012 4226
6089 2497
1199 7536
5178 4890
296 6685
1089 2044
5831 6304
404 4299
4383 1399
4242 2495
5800 7856
4133 3628
467 2
3061 5142
5701 188
6907 2585
176 7945
5281 6212
4058 5314
1755 7916
747 4109
3447 2837
2011 2721
2788 1694
1875 1633
7853 5845
2936 2023
3314 6928
6495 25
7843 4356
6800 1190
5829 7067
7227 641
7162 1932
2196 4416
5752 7547
525 781
3822 7381
7147 3492
1130 2946
3995 3044
275 4433
5823 4737
3189 1788
4759 1338
6779 4709
5424 7945
7548 6456
6121 5718
444 6198
3803 4540
3984 3339
6186 7442
5127 3078
5183 4892
2504 315
7539 4783
239 1449
3267 1365
116 222
7384 323
919 1210
1367 3316
4148 1299
4640 5852
2664 1362
5221 1101
3434 5493
661 1269
6587 5768
549 2815
2532 1439
3290 3098
8013 7540
7759 3628
5629 1560
3255 6586
7650 589
5605 1322
1071 5265
6771 5427
1586 5093
7840 3856
1635 4635
4865 2028
7051 7648
5588 3508
7285 3124
8018 3236
3572 7559
4375 3034
1438 2775
1626 3678
5197 2803
5060 3115
5487 5787
5339 2589
7586 457
6501 7193
6660 624
5599 5345
112 6965
86 5851
2262 7999
6953 3232
246 4576
5232 611
7982 5974
2120 5942
3167 4041
7991 6750
7319 5395
6078 7700
1922 258
6772 2974
2509 5686
3184 551
1036 4208
2501 2635
183 3990
1862 7761
155 999
3255 7438
6215 6030
1873 4873
4249 6594
903 1790
1874 4053
986 4038
2720 6559
5635 2803
4306 6159
1307 7183
4000 5639
3719 1510
2718 1749
1104 2360
6778 5915
6789 1070
5480 7932
3744 998
2013 389
3281 2608
7974 8003
6723 4583
6758 3574
3076 3507
7018 1042
4498 3102
3474 5910
4154 5909
4311 7241
296 3193
1412 3297
4203 5229
2293 999
7032 3929
7333 3445
7010 5224
1601 763
6219 7200
1697 6803
3098 7440
6250 6783
5106 3399
1224 3960
7018 4894
1570 7045
4970 4297
7709 6380
681 3800
57 4805
4346 5481
1190 1515
4293 7363
7741 236
3431 153
3070 6755
4901 2891
2753 3965
6504 6208
463 2300
511 6697
7991 1056
7324 5867
3205 5304
732 1924
3049 3627
7206 3831
5969 6471
7051 3448
2268 6748
1130 1643
2984 1512
5091 4360
7846 4696
3732 76
5188 3355
4756 2024
31 3253
4488 3648
28 2093
6745 2582
289 3363
3798 4246
6304 1434
5810 635
5247 1610
6778 7328
5354 6764
3388 3494
5129 6012
3781 2106
5345 2189
141 1799
5136 4729
4591 4982
1084 1636
5394 3002
4287 6275
6883 281
7874 6891
3609 4040
891 4783
5856 2251
2127 72
5859 2373
1631 1423
2401 6072
5721 3288
2890 4509
2087 4396
58 7095
614 6122
5866 3833
6382 6004
6435 4032
2298 883
2223 3513
2577 821
6831 2430
6133 4657
2765 4844
6720 3779
930 6674
5241 5564
7724 4932
86 342
1884 3555
1510 3133
7076 1751
7870 6351
1693 4388
1684 5335
2764 1935
5784 2991
6155 3259
4366 2973
4137 464
4689 1606
4231 2097
5137 1482
3162 7388
2955 2170
4657 6837
303 3062
401 6459
7252 1658
3457 5986
6335 6419
418 3246
1740 1710
5094 834
4230 3526
6075 3914
346 690
4581 1534
3143 2223
7928 228
6059 6906
6719 6077
3517 600
140 1277
1937 2894
2751 5072
3220 273
7430 3179
2323 4156
4151 1147
1960 5684
2735 3966
612 2577
6794 4112
1540 4887
914 3656
4035 6821
4825 526
3048 6684
8014 4061
1746 2786
3921 308
6777 1078
226 1621
4292 6217
5952 3972
3755 3131
2934 2168
2066 3050
900 6674
7283 195
354 7584
6642 3417
1473 214
4970 74
4034 6492
5237 4103
2899 7146
6191 3140
7472 4300
6941 3067
5077 1780
413 4696
202 1364
5359 7880
4417 7042
4738 1180
5332 5165
7041 4527
3784 6563
7249 3401
7058 606
1224 1305
6167 6482
4311 5682
4466 3693
3933 7179
6473 5924
3571 7071
7963 3884
6606 7086
3771 7286
281 3096
2143 4175
4807 3316
3311 2252
1756 5330
4643 6456
7398 4595
4053 1019
7726 1463
5060 5236
3773 3918
191 4621
1206 3397
7940 7849
6938 292
4604 6928
4805 1686
7785 7677
97 2932
2287 4395
932 4141
889 1269
4733 4283
4801 2521
7186 5421
7948 2856
1551 3099
2071 7494
4892 5530
2975 918
324 2182
7693 4112
1558 816
6592 72
4542 2307
4799 5876
4567 6699
4803 6148
3427 6537
1021 2933
1925 5401
7842 7882
3223 5083
7528 3800
2229 3183
7986 1132
5560 7360
3413 6863
6180 2464
7604 7666
7841 4239
1253 2862
137 6201
758 7973
7087 1009
4528 5794
6281 1437
3590 4334
5291 1879
4286 7504
4678 1963
3410 7526
4255 912
7222 6949
7428 3391
5437 3327
1117 6636
450 3127
4814 7909
6253 5779
7164 6410
5748 883
6261 6745
5834 334
3877 548
252 6716
943 3582
3900 4910
7615 7849
3771 4226
5881 6309
694 5724
624 925
4456 860
3904 6920
2657 7289
246 7072
3514 4687
7639 807
5079 854
5011 3056
4256 599
2601 3942
5065 5401
5779 4811
2831 3319
729 6102
2429 5456
4443 2795
7360 5283
7941 1460
3375 4393
566 3430
1062 5541
254 6875
5057 5151
7376 4443
4339 1467
4537 2977
1827 370
7471 5862
7272 7600
5178 3170
1635 279
5944 4601
4585 2928
7909 2021
7436 898
5468 780
1500 368
6357 8
5094 5403
7640 4523
466 5469
6815 3337
7018 1287
1025 7399
2079 2072
6251 4736
3516 3734
920 5960
40 7987
3814 4400
5412 1512
2750 5133
545 7190
4447 7666
3999 1011
6704 2059
7367 807
2497 6673
1820 5267
132 6030
7780 6211
740 6530
5591 1308
1869 6322
590 3797
5103 2120
3215 5066
2678 2356
2826 1342
6998 499
5503 1528
3923 7904
3181 2573
7514 2425
5193 2441
3089 2552
4771 4714
5516 6700
7466 4803
7451 5268
7036 3540
4951 2225
6483 7785
4086 7125
5711 3099
2544 7163
3074 7081
4264 4466
2743 21
7182 5352
5281 1255
2721 7596
2258 5070
6914 2824
4922 1580
8 5473
6421 5629
2069 3143
6533 622
7125 1417
7089 1855
7427 6090
1500 4211
2758 799
7382 5399
1661 2660
6870 4742
6591 4446
3598 102
4301 1143
6818 4294
7984 4742
6832 1858
1914 1410
4748 8016
6117 5591
3482 4139
6545 4667
3158 3353
7908 4571
636 278
2071 1823
5460 5319
1809 5190
781 5334
131 6650
2549 7128
3855 5383
6970 4720
6503 2491
1874 7942
6333 269
5130 178
5362 2869
3384 7750
6943 7872
1761 344
7308 1137
7318 737
3793 4251
3244 2586
2917 635
3655 812
5373 2651
6453 5223
7684 802
482 98
2812 4329
3779 4761
7118 3883
1759 756
6940 4501
4441 1737
1397 4859
3013 3990
6003 3443
6247 2603
3229 3195
2221 7637
1225 5995
1571 4760
982 4214
2360 1245
2328 4107
1853 7244
7030 4656
1816 525
4326 8019
2484 2465
3462 4644
7938 883
4699 7381
5266 814
3159 1313
2103 95
7387 1032
888 2015
1789 2113
1697 7457
6543 1083
2955 4609
5450 1882
2579 6812
2637 4475
3671 2591
6245 6914
1971 3838
7995 7305
7080 2123
4805 6145
1836 14
3780 3176
124 4370
3714 948
4582 2067
2499 6035
7915 2111
4866 3113
654 1189
3152 6725
6452 3278
4020 6966
7365 5101
246 4299
5144 2835
7116 2274
4146 7275
8005 1089
7974 7520
6077 2083
7803 1435
4830 6616
7274 5154
6043 1817
7375 7566
7531 4568
1136 1009
6109 1721
6737 7762
7730 4098
2430 4665
6135 1132
6834 4831
4701 946
6193 6965
940 3641
3830 223
4254 7759
1360 5518
7316 4681
4043 5721
3353 4911
6216 1301
2587 3809
3260 3067
3252 7677
7295 5119
6346 2946
2801 2232
2239 2262
2167 5849
531 2077
2566 3987
1659 4623
370 6266
7337 5911
2451 6355
3087 7252
7493 7458
7370 7954
649 1224
2179 5276
918 5544
6041 1374
1832 307
7084 3638
6569 5501
268 3442
2097 5905
7546 6990
4395 621
5261 129
6555 6903
7486 1226
6475 3605
4747 4015
7917 6127
4947 3302
2379 5557
5677 5380
6782 6183
466 7283
2587 1690
1164 4097
2408 5533
895 4390
5343 1837
3380 8005
2030 6550
4093 2903
3698 4021
1227 4316
7774 3513
4648 6296
1686 7909
6376 974
1208 695
3789 7055
5141 7021
4092 3577
2461 1749
1672 7986
2771 2171
6733 225
4890 6578
1193 7307
1198 7530
5400 1474
6678 3429
1174 5744
3277 951
4446 4131
4361 4196
7600 4770
3115 7021
7294 5951
1163 5598
1989 6615
2943 667
7202 181
7729 3757
6822 1753
3369 7411
6174 5926
986 11
6197 4677
7807 4222
512 4062
7596 5799
7067 1813
7925 6932
4247 6179
2416 5524
1193 5753
7533 739
6442 7954
1752 4688
4850 1012
3552 2670
1768 5446
3336 2979
4496 890
2808 476
1551 7878
409 5039
2121 1661
6119 3675
3331 4804
300 7427
130 6735
4998 4047
4810 2301
5563 4469
1354 1368
3048 6
1931 4190
6124 4793
5216 6610
2687 1207
6359 7276
2643 6724
3958 5777
5058 3022
3893 5605
312 1289
4974 5204
7901 1903
4668 6265
3865 4567
7721 1345
6948 592
7667 394
4905 1569
2816 756
4209 4154
6412 7433
3144 4402
2248 7697
2621 3705
5397 1249
6961 7050
3192 826
6252 6923
4471 4815
1123 854
2812 7772
310 5850
1988 395
2434 269
1293 4216
5033 1882
6142 1902
6276 5382
6527 6871
1263 5944
4873 3693
1830 441
905 3892
6566 4272
4108 3843
2824 1711
1019 632
7309 650
3641 46
7387 5097
7923 3142
6931 2294
3165 1459
1743 7755
7591 1269
3889 8014
7711 6782
5893 5977
4780 4412
1801 906
4124 5801
1844 3043
2345 4894
126 6520
4677 7046
480 6241
3144 6248
4774 997
5272 480
7955 7345
7221 3210
2377 7954
4567 174
2116 1560
4274 1762
3281 4574
5298 2840
5850 2153
6866 4993
3541 3657
4348 6612
573 3164
6901 1984
6061 4841
4456 567
1868 855
1430 7421
995 7641
475 4291
5671 790
3075 5770
3270 6298
5183 4373
1963 7103
5935 7645
877 4094
1518 5753
1773 3706
5138 6112
6941 4134
4585 5529
4545 1352
6108 2993
4219 6118
3385 6535
430 1586
124 1996
4806 4433
7011 2169
2761 7133
6037 266
5231 4184
1245 7438
2599 2107
6883 4074
4981 299
7750 620
6192 7311
6055 1161
3372 6858
6679 2387
3426 5388
1181 4766
5194 2389
1894 1115
3282 3696
781 1444
4153 1766
4816 1346
1486 2051
1721 3311
464 3534
6864 4999
4824 1299
4643 4533
1251 4808
3597 396
2006 4754
6673 6012
2823 2894
4330 4273
7442 2582
6981 7716
2875 4239
3762 1190
1861 7619
3828 3747
6893 5716
7424 1168
6696 1566
645 5547
7257 5265
6281 356
3940 3604
6822 2699
5725 2728
2074 1129
5805 6514
5988 4053
3327 4354
5735 6902
3220 3017
1550 2744
2708 1879
2284 3678
7817 5896
7490 1187
5521 554
5586 87
6775 7868
195 4864
6765 2296
2833 5303
1780 1088
6636 1216
2079 616
3550 6769
2541 169
6269 6909
7298 935
1069 1593
5872 4860
1095 4506
4216 901
2567 1326
6237 6294
1937 7456
2551 1830
6744 1816
1116 1444
4581 5538
535 320
5482 1501
4664 7834
3614 693
6320 1884
2689 2682
6106 5422
3141 2835
7521 394
6997 2056
5108 6493
7101 3983
7648 1086
449 1266
3398 6275
7186 3233
289 7223
6828 5852
4461 964
6721 1610
5824 6494
938 2902
5488 7405
2808 4357
3019 3552
5172 1541
2587 4356
2850 2722
419 2729
3498 5050
6256 6814
2035 7610
7882 1468
135 5870
3520 6309
5077 2126
6418 3482
4946 5132
7701 5400
4075 642
3941 7375
5107 5086
1848 297
6621 2440
1482 7573
2568 5733
2132 7961
1678 6402
5492 6148
227 1113
4955 4968
4046 2126
3813 4838
7448 3372
6909 7111
206 4705
2642 3411
1835 5644
7862 2038
1089 1420
4557 7055
6026 3264
3367 6121
6261 862
1002 6772
1748 7476
6114 3014
1025 3159
85 855
1499 3037
1873 2862
294 1313
5334 7995
3830 2480
881 3982
2347 1920
5946 4446
5524 6962
7302 5423
7706 2213
1459 4620
1743 7570
771 2980
4956 5589
5524 3837
4018 4364
1725 5511
2333 2591
6926 5616
2057 7668
516 7373
2702 564
7497 615
4620 3706
1266 480
6029 1392
838 5567
753 4308
829 1867
6574 3889
5329 4375
5381 1946
7818 5072
7710 2347
6377 7371
587 2250
6518 1446
2716 2076
38 512
963 4753
4216 1764
1223 1515
5017 3203
897 6454
1345 825
2796 6575
7743 3058
5093 5959
2184 3143
7121 6886
4591 5594
1628 469
222 4898
6938 6956
4474 1222
3791 6686
3609 7529
4009 3605
6346 6595
5414 7092
2754 862
1846 4552
5555 2545
4824 2973
7244 1745
932 6146
5299 7545
6074 4277
5348 3282
1338 1480
2306 6066
5460 384
5017 2874
7952 2613
5268 6943
6986 4558
702 2445
381 4976
3849 2174
7902 2520
2541 571
7356 2306
464 7271
2192 5784
3649 4528
1547 2859
2352 3980
5147 3811
6915 1801
2817 6370
646 2903
5315 2458
1988 6146
1675 2589
2581 6720
2839 1641
2544 1973
5084 3818
2440 6526
5062 6610
337 6676
4086 4162
3324 258
2873 5527
5959 5940
2331 3054
2162 1269
2844 238
3120 3440
4923 7891
1453 4293
6452 7829
3886 7839
5518 4357
4171 6555
3628 2258
784 4478
1978 4673
2721 1113
7643 4675
5186 3795
866 1739
4822 7121
6383 4184
1560 5789
5461 242
4381 1513
6079 7500
83 2841
7128 3654
1368 392
6784 3061
7170 3286
6670 4772
899 1356
1823 4368
5429 7967
2354 2087
2099 1000
2914 652
6262 7529
7974 3788
7413 3100
959 894
7655 3244
916 1102
6762 1900
5458 1653
2679 2564
2271 7692
4576 6997
307 882
4025 5888
7637 3317
1183 4723
5811 7
7647 4644
6833 2200
3170 2488
4717 7933
7055 1440
7390 6458
6230 1119
3172 7655
39 4947
4238 4620
260 3429
3264 495
5036 2921
3988 5875
690 1789
4078 5426
4760 5958
882 3005
2167 1421
7247 427
3513 4475
5686 4934
2560 7594
4853 7631
2614 3480
7665 5996
7224 6840
5940 376
5883 3120
1012 7646
7248 6430
6743 1180
872 4743
318 6013
4385 2179
3143 5467
470 1406
3337 2464
4375 1080
2706 2690
2152 7993
4694 323
1067 4876
7928 3233
4437 6311
3085 638
7760 6519
2920 3194
2074 2164
5300 6462
7161 1203
451 4638
2391 4050
4642 3833
1002 6577
629 45
1683 6023
3692 3580
4418 684
5377 1828
7129 2768
6190 4197
4396 7475
2181 4960
200 7093
6970 765
3270 2661
235 1677
1486 1875
7165 5612
1839 6494
3599 2545
1358 7959
2157 1080
1184 4901
2432 90
7098 3091
5648 1949
3771 3488
1387 4689
460 3498
6614 5791
1993 7001
6442 5044
3714 5776
1660 3446
2830 6844
5390 3895
3203 2138
4757 3778
1793 3150
3470 1889
6951 4228
5783 5644
7543 1392
2212 6540
4076 71
3829 1613
3918 7943
1273 3083
560 5700
3480 3419
6271 7797
4376 1259
8016 3353
5747 4952
7943 5076
2257 3220
4887 2412
411 1623
682 2098
4500 336
267 2496
2817 7843
7487 891
2791 7159
1882 5771
6458 7365
8026 7250
5893 1641
2454 14
977 7130
7547 4175
6129 2960
3153 6510
475 7110
5865 1478
3118 1196
3403 6172
4415 3011
4874 6670
1439 7917
1474 3345
6500 2226
3278 926
851 4478
1506 1077
4784 4741
1983 5775
4472 2596
191 4062
2941 3121
1312 7625
4470 7489
6560 5582
3206 6973
5734 2492
942 2222
4861 6764
5830 518
2845 5579
2238 5392
1296 3510
8 6835
3355 5978
3383 1378
3846 4603
2734 7252
2489 3320
6169 5724
6137 5160
2955 7674
1959 3680
1391 2720
5024 3424
7891 3934
2855 7648
3282 3043
7552 1036
2710 1420
5837 3443
4244 2295
6966 3688
715 3988
5418 1629
3512 2728
2249 3328
1561 2758
4581 4544
1000 3210
5734 7801
5743 6081
5646 1857
5759 4160
2455 3818
4573 6541
4998 705
1969 825
2140 4684
5234 187
5317 6994
1362 4302
2066 5851
2767 4770
3990 6153
4937 6538
7713 3082
6967 508
3234 3986
4468 7060
1446 6601
3991 4137
2570 3544
182 3020
6454 5321
105 1421
2565 7648
4819 1236
4725 7383
2532 468
985 4155
1621 3088
2456 5227
4699 3734
2240 5237
4497 1127
1073 7076
5255 1842
3908 714
2467 1300
4252 1051
3633 7769
6064 6990
144 6167
2129 1787
4750 5360
101 6339
2304 3635
848 3342
4356 7794
3638 7840
6547 1364
3718 6854
5639 4285
5672 1136
4421 4772
2955 3157
1205 5836
131 3331
2754 5806
2912 5273
3780 58
3992 7674
5254 5178
83 7017
4355 7756
6338 7047
8020 7530
2660 7736
8004 3662
135 2151
7402 2776
3493 4182
4180 4236
234 2460
5830 1493
6910 6289
1046 6750
5257 5214
6712 7932
7576 135
7704 1902
2304 1870
8000 332
5598 6425
3641 7176
3453 674
6763 4657
4146 6596
73 3275
2579 205
6347 1322
2555 6240
3955 3079
5951 337
5275 5768
3257 2503
4635 2365
3260 753
4384 4408
2852 6186
7269 5238
7229 5392
149 1146
7292 7764
2546 2148
5494 3282
147 3850
2407 2516
5389 4688
194 6973
1885 4028
2982 3025
2716 728
2412 3430
4160 7940
281 3846
6845 4429
7768 843
1971 3997
4506 7845
6582 6487
7432 7527
6558 7296
1496 7968
1020 7462
6285 7074
2776 7672
5338 3629
2905 7438
1977 5800
6081 5894
3837 7774
4883 5368
4586 2830
1630 791
3630 3373
7959 4166
1699 6695
7115 5976
8012 1049
1288 5455
3128 2420
3370 1339
4814 7258
2460 3372
3511 4680
1082 2669
1726 220
6722 7534
4429 1536
3253 6398
5175 7546
4716 2175
5652 737
3786 2617
5175 4960
5666 7472
7619 4079
6063 7842
5506 5110
1042 1618
6433 4486
7471 6304
7948 3010
4440 6195
7062 7311
6745 7725
2412 7124
4400 4854
2068 73
1157 427
5959 4709
7550 6372
7694 796
362 7764
1488 2028
6402 8007
503 7416
4834 7903
1168 3563
5365 3689
213 3458
147 7152
7747 4750
5719 3710
1591 1932
3397 2180
904 2261
2279 406
5959 2686
1882 5526
7540 2181
2412 7811
6126 2135
7071 3433
2546 2438
2034 1979
6502 1203
3930 5936
2830 2814
3960 1807
4551 1979
7008 211
4144 6334
2642 3076
4999 4155
5524 167
3251 2721
6775 4810
4843 3786
2427 951
7131 6183
3387 931
516 7817
6564 7750
4746 4962
5219 6593
5618 4811
1724 7635
3882 459
1937 2342
4564 3428
2675 2225
5497 6641
2013 2018
3346 6236
2395 7190
2029 4467
7251 817
7589 5106
314 5998
1638 760
5370 3100
4957 5654
7807 3446
3952 3380
221 5235
7667 3683
344 3244
5754 2909
3679 1219
5976 6493
5761 2193
1886 4350
10 7876
4077 5449
6605 7752
5886 3440
4448 4126
2590 5665
3602 2008
7272 4460
5980 3177
956 6067
2844 2003
5966 883
6445 5487
3699 2597
313 5917
284 4004
4772 4889
4409 4649
269 875
2906 5376
5700 430
6164 4148
2898 3477
4088 3727
2732 5890
1531 6529
1759 6978
7347 1930
1483 3729
1490 1199
1660 4156
6661 6435
7022 7857
5512 1869
708 951
2067 1574
2573 4988
5058 1495
5537 938
4179 1081
2133 5448
5929 7621
3230 5922
5368 5028
5607 7973
1702 5828
7894 1319
3717 1592
692 7488
2888 4848
7253 5428
1121 3128
6620 2759
5230 3245
2546 3380
4047 1384
3079 4549
5285 6736
4014 4391
3483 4634
1813 7705
2616 2718
4019 4566
7832 4901
778 2504
3904 2606
1566 1540
1791 3696
2106 182
100 6720
1772 7684
295 351
1465 236
7898 7585
5026 5232
6250 5012
7162 645
2697 6495
4478 4723
6285 4372
1366 2392
4736 1425
4651 7999
4600 6270
1324 1705
107 35
4974 3307
6581 6248
3651 3729
6982 6509
5882 6731
6851 6294
5642 3983
1705 5690
3722 710
3836 3826
4516 5870
6002 4418
4539 6891
5378 6757
4519 730
6822 4329
5233 2061
1802 736
5616 4312
7752 7769
6786 2205
7730 6922
3380 3009
7923 3410
4474 3435
2253 3774
1100 7933
1071 1717
4538 6590
1265 1413
6145 1523
1024 6223
5358 1737
4645 2793
25 5753
2476 3693
6589 7238
5568 1368
7539 2336
4345 1768
3380 1348
1054 5803
3315 964
6737 6381
2565 176
7378 3957
490 3108
6192 7368
1555 3706
3876 2776
7278 4992
1736 6315
5090 4298
519 2327
2252 158
2108 3388
4232 4877
7431 2108
1129 7042
210 6162
7932 1908
7361 6263
6609 2462
7271 759
2094 6676
1903 5037
3667 5666
7367 6706
5682 3936
1956 7513
5064 5613
3968 603
2665 4629
6758 2638
7660 7132
92 4567
6199 3326
5692 7150
6955 7834
1745 890
7231 2592
7753 412
7006 2724
5903 1275
2472 4221
4061 1921
1971 1620
7414 7806
5369 7193
6517 6935
2561 1576
6280 3998
647 3823
4385 3387
5077 7705
7857 2739
6839 4309
7849 5771
4043 1189
6071 6713
1154 3502
3300 7280
4640 3951
4915 4293
7688 6175
5811 947
6825 1351
2368 6815
7049 4051
33 3523
6211 1160
2072 5142
4249 2077
2131 1431
1908 2896
4830 1707
7496 2862
5497 1876
2317 5398
7400 7314
180 193
1503 5389
2898 4528
4127 691
7048 7102
3466 7993
5462 1154
1759 7244
2766 2634
1906 6113
1584 1268
2187 847
2831 7712
1934 5712
1314 1771
7768 3619
577 2485
3221 339
7284 7992
5558 6528
1100 4718
2951 4751
5122 7596
44 7152
7400 5936
1630 7044
6815 2356
6324 5230
5472 3606
6886 4755
1874 2374
7238 936
3623 6377
4583 4412
3521 7635
7417 905
5862 3013
7111 1738
5004 3472
7227 6420
6835 7162
4435 7888
5450 1073
5985 5477
4459 3795
5105 6285
2137 2117
441 340
6070 6609
4324 4409
214 2182
7211 5923
1373 3196
965 1783
5758 3089
6675 3800
5732 3329
5857 4998
600 3963
2944 6339
2738 293
5230 2490
1567 4267
705 2499
947 5483
267 4604
5128 6526
3046 6245
7470 3551
7449 7094
4233 6127
845 6070
476 7201
541 1749
3999 4784
1519 4352
1476 6446
6218 5281
5829 978
2590 628
7359 5957
4448 4608
2468 2868
4628 5920
4962 4713
3367 507
6849 4203
3640 7562
1094 671
7922 5321
1372 6276
65 6691
2845 2583
6721 2273
4883 4906
388 5040
92 5040
6054 2364
577 2636
2864 5415
5008 975
5194 4513
5391 3622
6491 2216
4626 5085
7690 2369
5898 7306
1864 7717
3839 323
4609 3396
3467 6901
7249 6040
2715 7046
2359 2910
1820 561
3991 7565
5250 8021
1432 1587
2891 2226
5921 3986
6963 3117
2603 4349
4708 6957
2157 4722
6979 6787
4428 7038
5583 7427
4097 4323
2545 6395
1065 5111
913 6629
1311 5896
960 7647
4110 5546
7613 5358
269 44
662 2096
4631 1577
753 4331
6825 7280
4451 2480
7759 6493
6936 2564
1176 5696
3559 7862
4498 230
3523 1041
993 3188
4503 1625
962 6063
3736 33
1340 1964
3311 1570
6826 7103
1504 2632
6452 4875
5923 4629
1775 2059
3822 7261
6348 4161
3933 2451
6938 1182
6798 3747
5344 4646
2581 1144
644 1216
7856 2465
3708 4718
7157 7431
2923 7436
3729 64
880 7436
710 37
1417 51
3271 6512
6882 5534
1708 5330
5682 3310
2022 7420
4798 5870
6383 6426
3011 4318
2109 3231
3405 816
1068 7501
6274 2105
6003 3837
180 6167
5083 2631
4813 4571
3998 2538
2534 4402
1743 951
5856 6103
7345 700
6658 2693
6968 2152
5258 7140
1765 3069
2273 2430
1289 2714
4549 5747
5894 7528
6160 3977
135 4640
4782 3037
7054 5439
1159 7382
6729 3075
307 513
152 2966
2894 5117
1460 5407
1142 7545
4106 4673
7041 1827
7667 4643
297 5117
3689 1888
3109 7451
1280 1996
1666 7710
5697 2503
4181 5385
7302 4537
5503 8025
7781 4800
6594 1760
5836 3191
3051 5667
957 7348
1196 4523
7404 4484
6345 4770
4131 1744
5030 3609
2872 631
6926 2558
3025 1740
3280 6062
4303 3635
6799 5182
2047 5675
2860 2514
1560 1370
6619 6311
7563 3047
3906 7261
5348 5877
401 2561
3638 1965
6257 6030
3868 5553
38 3893
5858 3136
5548 2188
4403 2219
3012 1138
3298 733
1613 6690
914 4529
7436 686
2946 723
5649 958
6519 588
4794 3507
625 4920
1091 3109
8012 5157
6856 4502
5190 3706
3890 883
5102 2774
7590 6839
3777 5224
4072 1071
6624 831
4244 1622
1735 3311
5102 467
6965 25
4055 6854
4307 1333
3904 2179
2452 6569
301 5122
7275 5245
4951 2588
5487 4888
612 7430
6509 5927
6370 1715
1200 2254
4503 209
487 2053
4821 7904
4411 2717
2620 4915
662 4032
1491 5190
2216 7318
7953 5170
7631 6575
472 5760
4816 6850
6698 3082
3820 1651
2170 865
2453 4792
4155 2583
5058 6801
4786 1183
7184 3107
4854 2218
7042 7072
7984 542
7312 5540
6263 4484
7946 1982
2157 1726
179 8001
5036 6269
6084 2110
3546 1899
4807 4423
421 2199
1050 1434
2220 4285
1192 7440
7047 1269
4667 5237
7731 2927
6657 5171
4272 2477
5846 5989
6903 6403
2800 6183
5215 7458
751 5380
3007 3746
2679 1806
7205 2685
4316 3956
7622 6258
1875 3751
1875 616
269 1924
4836 1136
1990 4392
5880 266
1565 6216
4656 7575
2363 1810
6468 5815
1041 943
5759 6666
6432 4670
5703 4476
7130 6384
4749 3167
7064 5038
6807 4898
4131 1747
6611 233
6422 6256
2416 3743
5762 1828
7642 3956
5281 1608
7937 6695
5960 2733
5374 2315
2726 3838
4144 3078
3769 6076
7484 973
7028 1741
1735 3171
6142 3932
2895 3007
5281 7935
3127 5324
4813 6262
7673 5340
2663 879
309 6162
1284 1429
412 2768
147 3696
7710 3334
2707 7500
2439 740
1658 4602
4061 1173
1355 4448
1698 6041
6596 678
1997 5620
5748 2114
95 6497
3795 2185
5473 623
7575 123
1791 5998
6291 2451
4345 3310
6562 4628
1067 567
5453 6774
6418 6337
2671 5910
6049 1815
1650 7756
855 8003
5693 4561
3907 6844
6712 6367
4294 7252
6788 5400
5586 4756
4495 7006
7074 157
830 5264
237 2410
4259 2362
7986 4514
4053 7603
3293 2714
1721 7446
66 1554
5289 1047
649 811
1769 7947
1062 6319
595 6997
4127 6527
2883 6391
2783 7840
268 4485
7183 2363
5973 2798
3035 6755
3208 3498
4853 833
1247 646
5776 2543
5593 6084
1481 7523
6286 5274
3225 1161
2400 5733
3695 6075
4778 4389
7448 2697
7165 1088
5271 6736
1347 4326
4433 2070
3115 577
1651 1193
4875 5476
7002 7882
6956 1654
6033 1829
4519 1159
4493 2740
3220 1371
4237 2150
483 3594
5260 5764
5997 446
835 3970
2248 4227
2456 5299
4568 3708
5319 2813
2734 5674
979 4735
6148 6768
7214 1673
7660 1074
7008 3061
4054 2074
388 6308
5403 1523
6376 3969
7005 1200
7897 7975
7869 6817
5213 6385
6187 7359
1533 7145
3874 544
7374 6906
5346 4107
4820 830
6850 1862
6778 4243
7491 1632
5820 1125
4662 2447
3481 4367
6244 678
5176 1409
4693 3604
2026 2453
7483 6687
5200 4422
1765 7266
4128 1098
898 5472
1052 6610
2250 1499
7310 7193
7827 1133
2604 3921
1132 1488
3989 2241
5422 3800
4089 7850
5327 7491
2656 6335
3605 1835
6157 2971
5493 2184
7056 7826
2034 4151
6815 4141
7992 857
1779 3715
4853 3081
146 5959
7416 5606
6128 2971
5065 2467
4080 5559
6763 4986
1314 3513
6433 4158
6246 1257
7778 3567
4582 1109
4729 6820
6336 7128
6185 2468
5247 854
2710 1690
5154 4491
381 5564
2156 6293
6918 4255
7130 2261
5000 3636
2124 6607
7372 5578
4189 2860
319 3665
5387 1427
5254 2219
7652 270
1597 3681
3470 5830
4000 6091
5179 6607
3428 578
666 3034
6783 1745
5662 2805
5338 6954
5251 7444
4411 2738
5093 3243
1590 7568
4785 6889
1981 3238
5811 3757
6367 7639
692 3982
43 582
7163 401
5146 3947
976 371
4425 3950
2446 4901
815 1756
3510 3498
5548 5461
1294 3322
542 4662
1757 6002
4554 4721
2891 1982
6760 6175
5233 7745
4112 7186
5515 386
5637 5934
5616 3925
41 3349
4426 4974
4861 6476
4997 4510
7742 7720
1414 3233
5880 976
2899 3039
4489 6183
3872 2101
2854 7684
1218 2715
1815 7234
2870 547
3303 2293
7191 5225
1978 6711
5496 3807
2492 3129
5246 4968
3021 4893
320 5888
1 2628
5068 733
1219 6713
1496 6753
6021 4765
760 8023
2774 7540
7524 6716
6493 4051
6464 52
120 7411
1459 4755
3211 4654
2585 638
5785 3678
2440 2537
5896 6840
989 3278
5714 4620
3149 6101
5643 833
101 5357
3155 7146
5625 5895
471 1562
5583 7150
1226 1690
1203 7314
1012 6848
6578 1439
1013 2554
7456 3664
2365 7898
7358 4036
3274 5994
1984 6858
1155 7784
1987 4385
629 5281
6489 2740
7169 5879
4782 5904
5674 7770
8018 3311
4322 5989
1265 4143
4706 4891
7349 3029
3128 6049
6397 4593
1900 3010
6111 2728
1678 7362
2591 5199
4375 7831
3445 4556
4284 3373
6556 5000
5339 7131
2240 3092
1596 6977
3053 6887
652 6440
1426 3412
7503 4354
1058 6694
3414 3456
4144 6648
2477 373
4473 5780
31 2924
61 3059
3870 2345
4007 4477
1225 5290
1743 4703
856 4745
3493 5394
5453 3269
7486 6489
7214 2320
3921 6391
1854 2202
4342 3714
3360 70
7049 7521
3928 6921
4280 3642
6508 5565
6781 289
6863 6574
7551 1343
6331 7095
2114 758
5521 3198
2083 6552
5801 1946
4756 1016
6994 6955
4234 4686
4254 2220
5156 5076
6099 6744
8007 6143
3092 7743
4364 2592
3606 3123
20 2934
5982 7217
6445 6197
6769 7195
6751 5957
4837 5757
2473 6008
1148 3959
4662 3372
6849 7123
5968 1348
7761 479
3925 2821
7539 6645
5053 5819
378 5007
7445 6180
102 4417
1462 6527
3934 6935
2915 6069
5286 1824
7853 2468
3588 7634
2133 663
3912 963
3448 1752
2460 2823
5558 2834
5030 3789
5979 7730
1128 7489
147 2475
7745 7492
2093 5111
967 4433
1392 1007
1243 3858
7971 5984
5292 5179
7673 2730
2131 812
8016 4972
5950 4874
667 5993
3194 808
4765 1110
2143 1651
6627 927
7519 1819
7011 536
6419 6331
5649 1647
5719 4150
5463 713
5927 6946
7420 7439
2516 1524
6829 1313
3201 592
6315 298
2010 3781
5340 5070
3193 1177
7131 3057
7408 5236
5183 682
3859 5431
5567 4286
1502 6356
5005 5269
4263 6166
3543 349
2194 348
4377 7879
468 6852
3034 672
6268 6696
1601 3247
3042 5522
1192 3183
4820 6746
4187 4686
3921 1479
1492 6858
4635 1631
412 2485
5839 7019
5655 5223
4497 4346
3914 8007
4493 7866
4092 1399
5148 1529
6840 6119
1994 596
3757 1700
7404 6310
1040 1839
1998 7698
6331 6896
4826 1904
3608 3007
2458 2992
3743 2525
2831 4056
6489 3348
3821 21
7733 3016
2612 7907
5757 1696
6735 2910
5893 7337
5377 7794
3172 1630
130 7201
3023 741
7599 2139
7202 295
5282 2424
6780 863
599 2709
5601 1682
744 6829
563 4516
2311 193
935 7973
6960 722
7670 4993
5703 1992
6998 6436
2031 341
344 7256
221 6216
2762 397
5092 7150
5349 1086
3372 5975
804 4040
5163 7894
7075 332
5718 4214
2561 5009
6293 5370
4346 1062
5268 4580
685 1578
7590 2924
4813 3135
849 3770
1890 4892
4064 4634
3736 248
6225 4872
6940 6997
2421 175
4523 5401
3480 7485
7419 1042
6093 3100
593 7278
6354 5259
1106 26
4384 7653
7477 5946
5478 5537
5301 5190
6352 96
4765 5992
4622 7664
4301 6899
5759 3772
1442 6720
4863 6070
3480 722
6881 4114
1130 15
7840 7216
3799 240
5237 701
6564 1178
4977 1218
2118 5423
4115 5944
4564 5019
6357 7016
1396 2914
3713 6530
1852 4107
6904 7260
7370 1112
547 4198
5656 3446
1399 7308
4445 5231
1447 560
2632 2847
6219 5253
62 5644
6548 4197
5540 2550
3109 2919
6154 5633
1813 3855
4328 5455
6794 1307
4088 805
5585 2067
7417 4935
5820 2496
566 825
1919 876
5324 2205
1249 5076
7877 4307
35 1010
7944 474
688 4
7683 3897
4273 3346
1747 3982
5856 4369
2802 5009
6155 7131
4236 6963
1510 6399
703 183
1049 6179
273 1874
6494 7601
1031 4173
4941 158
867 5377
4138 7367
3557 6662
5740 6518
4959 7071
4143 2661
7747 1169
7238 829
936 3494
6244 2779
3478 5811
1115 2305
860 1255
2040 9
6368 5149
258 5969
7397 7812
7848 3190
3185 1227
6234 5484
557 67
2649 5809
6187 7843
3569 7964
6502 1504
4380 4422
7547 3734
5922 6615
601 998
6954 384
3849 5440
2354 5265
5075 468
7216 707
1625 6803
1306 1024
7647 3624
95 798
5386 4624
6693 6917
3231 5294
2846 6760
6309 3634
5860 6541
4504 4135
2195 3177
1840 4363
99 3822
7314 276
897 6294
1942 4816
7029 5861
5149 315
1178 2175
3003 3354
2036 1372
5239 5234
384 5711
2916 3206
5742 3217
553 5256
6008 314
2090 200
954 5655
6729 4126
2815 3462
1747 5249
4786 7641
7554 2416
5865 3854
7174 7322
7450 4163
3764 340
3422 3154
1095 6251
5746 989
4551 4693
1399 126
4831 7116
5640 4926
2711 2401
3302 4480
1813 7981
1195 963
7631 4739
4585 5321
7646 3854
1252 6789
1685 1408
151 2223
3202 5164
1327 7521
2831 7758
3651 5504
7937 3323
1175 6001
371 477
1928 5609
1610 3280
6864 7365
3022 1590
4863 7111
1749 5239
4893 3039
4051 2459
7822 1550
7239 7865
1162 7944
12 6714
4443 904
5642 5143
7440 5885
4695 3878
2534 3913
7741 5465
877 5589
4720 660
3979 5470
6070 8007
6940 3570
6628 1155
6525 3365
5120 7679
6665 1413
2140 4178
7598 574
7987 4727
6633 6510
3000 7857
4986 2989
7930 2902
4536 5012
1186 6715
5584 1356
6567 3016
4744 3241
1522 6194
7116 4689
7155 3598
3456 6878
1985 355
1154 3354
3252 6971
3418 870
1688 2793
5342 3709
1362 3868
2256 6877
2297 6750
1630 2737
32 3359
281 1720
1760 3214
5599 1786
1902 6660
2843 1697
6508 1830
895 6426
1175 6465
313 4581
7212 347
1556 6611
2941 3658
4373 2410
549 5424
636 7326
5894 6741
3542 6325
3431 1567
5327 4821
2315 4721
4461 693
6462 7779
4299 5891
7972 7835
6208 3478
5427 1810
6459 6326
4054 4347
6451 5787
6510 7916
2181 7878
229 7268
3122 5562
6532 2173
3951 4825
7647 3971
3276 1931
108 6435
2222 7548
6303 182
4926 5115
5983 2702
894 3605
6928 3855
6677 5510
6158 7783
4021 3861
5620 2431
105 7351
2445 4611
7183 6145
3288 7735
4696 4498
146 7832
5735 4669
5762 5874
6603 4481
409 7664
1758 1631
820 123
6812 428
3297 6826
2202 6225
3175 1040
270 5366
4668 6313
2740 428
3665 5612
5848 7151
3495 2143
5196 1922
996 6487
6840 2728
4711 429
6961 6686
7650 5245
767 468
228 3435
393 4174
684 4233
763 6112
2515 7238
4277 6151
1640 3486
874 7615
2245 2043
7900 4689
3119 5788
1606 2550
2694 5926
2122 1419
7407 4937
4758 2162
907 6114
6661 1932
7230 7848
3923 7820
476 1157
5256 7579
5285 1849
4963 4741
7243 1124
6420 7602
7673 7731
7668 6243
971 61
5662 2725
6058 3790
4633 268
206 184
7989 701
124 4511
3318 5851
280 938
3501 6459
7569 6592
6513 4749
2633 1919
7015 660
4269 7033
2746 5075
7184 7490
7 1391
5114 7122
3217 7293
2315 5333
3250 6096
4822 4218
7982 7767
3286 5199
7856 7533
5554 6867
7857 992
992 7177
7541 7639
6611 5575
6025 4247
4991 7272
6860 6632
3053 5099
3207 2574
399 2562
4117 7485
843 8016
3729 1738
6265 6908
786 5874
1498 886
1558 7318
5942 7860
1980 2896
7485 5266
3539 6506
5340 6612
1886 1500
1381 7740
6966 4933
6430 1503
7678 6294
3801 5797
3482 3424
6738 1016
2387 1171
1878 3596
2158 2176
855 5834
4185 6822
6257 1613
6903 6138
3099 5491
1669 6351
4191 5609
1196 3941
3653 1931
5579 2917
2587 5706
2906 3434
6715 4529
6990 3765
7058 7329
1504 856
3384 3991
2871 1288
7624 7032
7680 4375
4108 3001
4052 1518
470 4138
7568 6995
2496 2519
1607 7498
3639 2854
3576 3659
3608 5295
6743 327
2376 3831
4803 289
4651 810
4322 1274
4424 3559
1883 891
5929 4084
4465 2565
5530 4366
5265 3907
4322 8010
5572 6299
1857 5190
1045 7616
2734 4341
7903 2996
7805 1172
1200 4065
3770 1251
7684 5459
1480 6020
7700 7856
6210 5490
2089 3016
6678 7619
4053 3248
7143 5738
6691 5810
3374 7541
704 5873
6490 904
6358 3832
6359 2776
6737 3899
4949 2685
6662 3808
1982 6639
2231 7034
1452 1240
898 6887
3793 5392
2304 4639
6653 1336
7316 5093
6445 6627
5414 2574
5001 6950
3194 6750
3725 5936
5901 552
1027 3750
7117 3880
594 1447
2655 61
5466 469
3948 7611
1552 4536
2785 3934
5331 351
4403 869
2458 3907
4308 6059
6324 4521
1278 7775
966 7878
7040 6885
3751 2061
1966 2552
4132 5399
2900 274
1960 4261
6615 1513
3886 495
7803 7646
3474 566
2650 7796
1433 5694
237 5413
5104 3775
3036 8007
7269 7733
944 5945
5181 2670
524 4337
4025 1153
7814 5294
4917 3042
1533 4684
4493 557
7037 7426
1876 1764
2731 7421
4936 5632
5920 4546
7438 652
5007 7015
2463 6107
7784 5916
7723 2454
3420 4626
291 5119
4488 5175
2836 4661
2682 7517
6147 504
1972 864
3322 3407
7738 2003
2545 2450
6625 2531
5770 3504
1364 877
2596 3008
6819 7830
5670 1120
6556 4499
5119 1702
5066 7210
7761 5995
4118 6572
4518 2732
244 1359
6822 6592
5071 1446
4701 4412
2239 2156
2126 4225
5710 2887
5115 7581
7295 895
2009 4702
3454 2112
7835 2610
8016 6132
6218 1087
5547 7014
7107 2934
720 1495
7216 2890
7473 4789
5525 3143
3763 723
4114 2882
7280 5303
2485 4265
6479 2466
4659 7111
197 6286
6591 859
1759 3670
4954 1053
7662 7091
6379 4810
3094 2959
6133 1365
539 1984
3764 7585
4437 5263
3368 1884
3810 6610
933 5431
2164 4531
3273 6877
803 7808
288 2570
6065 3510
5085 4793
4371 4734
1933 4112
2998 7264
4852 1368
4265 6186
168 4933
1835 1942
6567 731
2935 3016
71 270
4341 3503
6706 856
2842 635
3278 6937
4489 7858
4546 240
7988 121
4713 6511
746 556
6809 5806
2149 1032
5888 5914
7473 7805
2306 168
8014 1481
1672 6218
2948 7335
4543 1473
908 6896
6891 4082
1633 5964
4775 648
4176 3148
7894 5409
5706 6304
7155 7416
2149 6672
5713 7178
5533 2808
5048 2750
6422 7597
4150 7190
7809 748
6790 3336
7447 7117
6308 4266
3864 5218
7783 2983
4168 2378
2189 216
4420 178
6700 1588
7957 1316
7340 1607
6088 5561
2470 7679
5402 4034
2935 7893
5844 7133
5628 6037
6989 6625
5108 6001
594 4376
4805 3118
5024 5354
5747 1943
357 1126
7457 287
7041 3125
4081 3406
7649 332
3615 6633
3459 3288
3009 4610
3319 7957
815 5349
7564 2079
873 201
5949 308
3598 7692
1805 2340
7957 6805
6923 6791
5836 7402
5138 7937
713 1416
3721 145
5535 1177
1765 1394
4591 3322
909 579
4123 7432
2599 4595
3219 7293
966 3340
1837 857
7440 6616
2230 1906
817 5244
3421 3869
5894 3658
1381 1207
1935 2281
5055 2191
5344 4242
5478 1229
371 3552
7601 1417
4067 609
4781 5756
992 7646
6215 5371
5880 523
71 6877
6162 2884
4260 5412
5398 6980
316 6016
545 6263
4580 6813
5291 4792
1513 5595
1961 4490
3553 4822
2851 7583
4312 6368
5670 5716
2708 2235
3613 4807
13 6634
6366 1170
4326 565
3168 3455
50 2222
1814 7520
7680 782
4221 5691
3004 2389
1923 1597
3695 6690
703 1405
7478 700
2490 4203
6858 3672
4651 4184
3445 2040
3501 6559
5133 6288
7718 3998
2658 6987
7269 6982
5361 6805
2132 256
5035 1479
5462 3281
7847 1151
7859 2632
4009 4759
3471 7499
2644 4692
1879 6369
53 729
6566 5094
1228 4713
1561 2234
1212 5831
544 5199
744 4428
6561 5207
2567 2950
6868 4821
436 2462
7476 1594
6687 2469
1122 6874
6579 6879
6396 2099
6086 5887
114 6518
7303 5785
6198 4554
5433 5390
2807 1342
5187 1659
2851 5416
5861 4142
6994 63
5960 5632
7865 4023
7780 2739
5148 5627
6430 2904
3655 3485
4304 2998
5488 423
6154 6806
6475 7965
7659 4811
6378 6971
5710 587
6009 4848
6293 2336
6475 6820
3449 2010
569 3244
6551 4177
1566 5659
4468 5398
149 4851
6739 230
283 199
6163 3742
4315 2144
1672 2513
5060 5320
7025 140
7184 7483
6815 5916
6369 2270
2276 7735
4461 1008
110 6429
7845 5019
1450 3450
6745 4676
3251 4336
1300 7431
220 5207
6101 4288
581 1150
5295 3113
5537 5293
2573 6261
2713 2499
5016 459
4032 3305
7646 5560
2420 609
1039 7067
4070 1815
193 7764
2656 3679
2679 5319
3108 338
2494 2687
867 4260
3934 3587
2459 3296
630 5380
3362 3464
7923 2866
1819 3509
7825 2522
7609 1602
1364 3293
6294 6162
850 5195
6056 1170
6186 3819
2818 1465
3316 5341
7326 3465
1833 2125
2118 2535
677 266
5123 4146
4993 4023
3706 446
844 4549
4643 7984
5414 3559
297 6165
3136 1328
1200 7923
4480 1500
1566 8026
155 6967
4988 2138
6838 4101
1756 2933
1685 1355
3074 3920
1247 2289
3009 3309
976 6140
6447 1594
3201 5279
515 3779
3846 5589
4577 3468
7984 1720
503 3806
987 6582
1694 3122
5703 5062
7933 4554
2018 2903
4781 2264
3543 5675
388 5501
7175 7423
5717 2354
85 4103
3761 6240
4817 2634
3347 5562
6716 2329
4897 5202
1564 3172
2295 4025
5781 5679
1723 5879
7932 1441
3020 3275
915 6841
3585 5631
1977 1216
2346 5053
4363 5618
6804 6259
1026 7577
2250 6057
7324 622
5359 6025
2318 4295
3272 4970
2152 5484
339 2778
5947 730
6794 5662
3047 1840
3650 2529
413 777
5995 6270
3843 5337
3658 5258
3035 1793
7782 6685
847 7719
6433 496
1133 4977
2288 2898
2276 832
6739 7504
7630 6063
782 3465
5690 2193
1751 1782
7830 448
7363 471
7822 4991
5736 2136
2391 6990
5063 3262
4018 3268
3855 7772
1429 4030
7263 2022
7093 4703
4588 167
7205 5803
1918 1583
3171 6650
6432 4809
1152 6554
4907 6000
3398 1253
5263 2802
3640 2841
1231 4382
6021 7185
333 7190
541 862
1586 6077
4924 7534
3342 4254
52 7743
7364 835
7593 7500
5431 4474
6401 4663
3977 5495
7573 3336
2930 7957
3868 6918
2235 5733
6202 3445
7125 7343
466 8013
4970 6190
766 2739
7151 1441
1464 5833
3648 4960
1398 4950
1614 650
346 1464
224 858
4790 2420
3091 6523
931 7688
2389 1200
4387 703
2155 4981
1498 2449
6407 1224
5393 2105
4716 3758
2981 1295
6210 3299
1720 2876
4472 5057
6245 5386
6607 4870
1743 5800
2563 2458
1907 3239
2539 381
4418 3105
6375 2994
6809 3290
4711 2620
6169 7594
2795 7097
6723 2611
98 269
2024 3399
2947 6093
1752 1224
7480 6807
6812 6447
2673 7691
1642 6218
721 5515
7660 7204
2675 1653
4079 2390
7574 149
5674 3809
6818 7741
6720 1654
1526 2651
4102 6830
3207 2349
7165 591
6066 1972
5081 5993
5137 3580
6549 8009
2352 5581
7938 1712
3117 3963
7482 4140
7903 1665
5848 5664
475 1299
818 2109
7355 1390
2373 4355
6956 5689
6046 2971
1756 7970
1359 6216
732 181
6370 6796
3563 7307
6349 21
6069 5954
4049 564
1399 3386
5213 1509
7635 2887
4591 4651
5503 3832
354 1498
446 6604
1462 620
2323 5895
5403 3261
2498 5631
2617 2057
4551 6985
648 5079
7360 2598
3508 87
7397 1516
1823 3743
1095 3026
7357 2070
3567 2133
2397 6487
370 7448
1998 3365
6244 1350
3943 5056
5660 6837
3522 3030
5692 273
6946 4912
4565 1382
4710 7401
1016 7251
287 1820
2498 2501
3953 140
2903 2497
1938 7289
1932 6308
6634 640
1123 690
378 1106
3627 1338
4711 1174
6195 4480
7544 4701
4680 6632
3953 2321
4057 2978
3130 245
743 5577
7112 6735
1920 3185
2987 1434
5143 6239
7508 2670
7318 4467
471 347
6413 1572
4786 1062
5688 2461
7202 773
7431 1539
3468 7620
4417 6883
6288 2459
85 5629
5022 5831
5103 4321
1593 7981
4451 1572
5541 1391
2235 5246
4341 3962
6272 3234
2129 3463
3235 3422
1935 1528
5739 3989
5663 4421
7762 7523
899 5775
2255 3714
3390 4136
3750 1413
3613 4421
3263 6183
2697 2199
4512 2302
5341 2919
139 276
4875 5991
5941 5376
4585 592
5780 4721
4956 2429
330 3610
4659 1556
879 5436
1332 7473
2626 5584
4135 3253
6848 1862
6213 5135
4693 3187
4738 7474
5965 322
3000 7971
2593 6747
3457 247
3506 1042
7174 4434
7363 3417
4312 5621
58 4360
5847 3533
6097 1822
1825 6943
1157 6243
3083 7971
516 2746
1619 256
7808 5985
4669 1944
1714 2342
6440 1948
2689 5958
37 1293
7044 6519
5088 1042
3622 1696
7013 3290
6634 748
6330 5682
1127 4402
1918 5474
3656 7061
5661 7964
4632 2251
490 6710
4969 8003
74 795
4713 6806
1088 1649
4657 5039
2356 1760
6621 3093
1776 39
3415 6301
1917 4829
4119 4461
107 3935
2787 953
5937 4939
1868 5135
2809 62
7644 6122
5932 1453
7874 4804
268 3977
424 4537
144 5571
332 7569
6225 3106
2218 3978
7886 4660
196 6443
2098 7056
3430 6048
3804 7359
7462 4659
5913 1077
62 5641
6790 608
5712 2804
6310 7947
1412 731
3084 1964
313 7387
259 1934
3049 2510
6170 4140
7904 1226
5025 6886
7303 6935
3436 2540
3994 2283
7466 2393
6618 5845
4110 5440
3365 2459
5055 1387
806 575
3443 1305
3962 898
7467 8022
2420 3900
2657 1785
2759 2709
3186 7916
195 1641
4485 2992
5855 5587
2502 2367
8003 1671
6268 6686
5201 3539
3184 1452
6644 5121
951 7602
130 2984
5759 3172
1960 2209
4775 805
4173 6902
5181 7240
6746 2756
4555 6913
3069 42
5682 2355
7985 5476
2153 3301
4391 6798
2278 3622
931 5683
7112 7165
1233 7287
4077 6991
1796 907
2395 5869
5958 4539
3296 4341
5184 1504
3485 4930
1571 6069
6452 3920
4883 5913
3411 7617
497 5372
3303 1407
6124 5447
363 6462
1291 499
3402 985
3783 6391
2361 5350
2079 1325
8018 3072
4431 8001
6171 2642
1893 1731
5681 4684
7571 1624
3410 6152
324 329
154 6204
7115 4428
393 4736
7362 2419
305 1265
4863 4761
3541 7647
5585 1978
388 1687
6481 4843
6324 4681
4721 8007
2933 4097
5278 4946
4848 752
5948 7386
2793 5584
3391 632
5065 6713
2624 6446
6283 4550
2381 6651
1088 5642
7822 486
7485 5817
7396 2298
3646 7347
2053 4986
1401 4029
12 5635
2087 6575
3189 6065
5325 5741
2084 6045
4355 1928
2129 1180
3626 4291
7307 5013
4879 5363
1202 234
693 5277
5593 5816
5769 3751
3512 6579
501 7654
442 6680
1504 361
2743 2169
6566 3447
1547 5132
3459 3925
6001 2442
4206 6173
6093 995
2362 476
7187 7451
5503 7280
3362 335
575 4691
6613 5676
7934 3637
6613 3107
4957 6477
3962 1033
1286 5570
1350 1956
5938 4120
1110 2236
6895 6513
2866 194
6889 3816
6403 674
7219 624
4937 5336
4505 500
4740 446
3135 4335
5893 6567
796 4180
2321 3216
4624 7006
2934 1691
2350 919
850 7624
1143 6324
5373 970
4426 5331
1483 1465
6999 4120
4832 2950
6934 4259
4737 932
3770 5490
4714 7088
4126 2178
2445 5406
6117 5919
6783 4793
532 7002
1414 4707
1763 6504
2483 7221
3607 364
1257 3828
1937 7953
500 2649
2836 5557
2755 654
7095 5213
3529 2925
439 2796
2598 2578
6189 920
26 3366
1635 3438
5722 2504
3 5624
3528 837
6768 6634
2265 7120
4247 7134
6497 11
96 2730
4340 6140
916 1297
7925 8013
6822 1197
2490 2908
6021 6081
746 4504
1175 1592
3295 2655
1310 3707
3511 7232
3200 6759
3942 6769
2504 587
1595 4298
6881 3661
5296 3785
1861 2253
7964 4480
2040 7407
6097 6637
842 6625
5405 2568
6688 1579
1659 2827
4796 252
6660 6075
5772 164
3896 6731
2047 4435
1222 5145
1245 4879
3385 5061
7919 4882
3930 5071
6939 7563
881 7379
5823 966
3749 185
446 2722
5360 1912
4467 702
5266 7834
2758 5485
5253 7608
6764 5852
3474 1054
5731 1525
1784 3087
6488 6164
1993 477
4710 620
6561 740
148 4164
6899 5216
5217 3964
6714 1766
303 4546
6289 4878
2904 4219
6544 6998
4822 6440
396 1692
4479 4878
4063 6819
1129 2648
4676 3855
6901 4786
6485 1929
3750 1266
7519 2329
69 1561
127 6975
3969 2339
6553 2403
6672 7731
7422 5244
499 5023
1060 1224
3781 1727
2308 2486
3910 4005
6530 5479
2224 5373
799 7529
2797 4249
2002 3807
4883 2784
3099 7255
3745 6887
2456 2070
7697 4606
4314 3402
7560 4227
2474 3378
6763 5701
401 2285
378 7034
6512 738
963 4188
5506 7117
6928 3311
6841 4577
5939 4976
3660 5385
370 2634
2157 5351
887 5050
3155 3801
7296 589
6773 350
1469 3292
3798 6893
3399 3933
5462 6165
6163 5204
6768 3977
5961 5871
4320 3564
5893 2020
2885 1659
2921 7125
4215 1669
7740 6526
5415 4268
6004 1974
15 6955
1663 3127
1118 3694
3972 1810
1570 5648
1088 5249
6366 2791
3245 2427
4200 6658
2600 1857
1120 7502
2963 2894
731 7285
303 7641
3588 2350
482 1775
2089 6952
3385 5640
379 5988
79 1352
1544 2151
1325 2683
7142 7493
1384 5580
7742 2891
663 94
7135 6385
4676 5850
132 7766
4378 7161
6926 899
3716 1414
4776 5371
3487 2034
4137 3138
1842 3420
96 4410
4968 7829
3310 3239
6376 6826
1191 5967
4032 6864
2177 6321
3370 2708
6682 4298
4512 3222
2140 2739
518 3908
516 15
2646 4433
7499 7407
6187 2047
1220 7782
6852 5737
5201 2662
809 6962
4941 2432
1738 6343
5782 1590
7517 3072
7950 3677
6488 1113
5539 5795
2928 3429
7303 6341
2839 4524
4433 7045
2843 3913
4967 3104
1630 5090
5394 1569
3022 865
7032 4419
5782 1226
3062 7620
258 1053
5010 5397
60 3925
1287 568
3016 5198
5030 1857
1811 6700
2197 5327
3514 437
3491 7547
394 3099
679 6290
1213 5847
3297 2780
6319 2729
6222 2259
6464 3372
7855 2040
7225 2388
778 2156
6089 787
7197 2292
5524 2136
2938 5394
5635 5957
2444 5360
3217 2034
6123 1318
5336 7920
7458 6922
1191 847
3629 1109
6832 6720
6951 3726
440 1262
2097 6056
95 936
2942 6185
4441 664
5838 7258
6325 7854
183 5332
90 5054
1907 4398
3990 653
2894 1362
3874 4257
3764 5450
4470 3242
5798 7074
7709 1693
6686 6206
6246 1614
6027 25
4174 1904
2646 2928
1684 3923
2263 2024
4691 5077
436 6642
4368 7777
851 450
6571 7761
93 1881
3157 2684
6769 3965
1433 2122
1627 878
7474 5160
6185 2839
1529 4943
1657 8002
2322 7509
808 7347
6440 2812
3128 22
4011 6337
1891 2430
2519 5794
4040 427
7984 5098
6708 2373
1932 4058
5433 5183
5344 328
1423 3717
2432 2020
325 827
3339 7482
6026 7234
2265 5303
261 1170
1770 2382
4335 31
4313 7308
3818 5810
4152 1994
177 6699
7109 1479
3621 5041
5706 5004
346 4655
4281 522
2634 2844
225 491
5398 1897
7348 7939
2 7151
2771 4630
4122 7721
7070 507
5471 4934
1322 24
4961 3328
147 6377
5490 2733
7270 4748
4296 675
4663 6696
1178 3468
5524 2054
2033 4941
2169 5708
6481 7667
6970 7100
5220 3665
3971 5012
2999 6871
1713 3310
1647 1829
7343 5712
4990 1738
6122 7052
6643 1267
1839 4087
2447 2976
5347 121
4164 4746
2312 3858
6471 1084
5232 3098
1554 4644
54 2328
7365 7980
6971 6677
161 182
6444 6375
2963 7665
9 65
7855 3208
6886 3786
3134 3237
6202 4218
6889 609
1738 1014
1266 3710
5122 5516
5667 4094
4061 5698
4497 4917
6451 425
4577 3891
7698 5246
1031 1579
1686 2961
6246 1508
1364 2638
3547 3338
5737 2024
396 4508
7189 45
1845 7473
2372 2598
1163 1751
3712 1713
7537 4127
71 4171
838 6703
3952 6532
1309 3922
7149 1791
1415 6691
3351 3199
3488 7826
4186 1719
6113 343
7129 7800
2488 1882
1384 1369
6739 718
99 3383
3660 610
6539 635
3520 3035
6654 1970
4980 2452
6750 6715
4193 4663
4673 4602
1077 3337
760 6934
4753 7112
5429 2615
5605 1526
1251 3959
2112 5393
7200 4709
5913 6065
6338 4209
7887 3490
6028 3198
2272 308
5193 7228
559 4791
1570 169
914 1926
6796 6916
4052 1875
1143 3558
2980 7500
7215 5986
5421 6584
5556 990
2613 2505
2318 7510
3265 4502
5415 4757
581 5143
145 1253
499 1216
6771 3525
2134 3612
3586 7144
232 1281
7751 5969
4287 614
6959 6524
3602 6826
5178 3062
4627 3102
2137 6217
5269 5299
4930 7542
2156 5500
7745 2228
4909 6921
5893 7975
957 4688
984 2088
2225 5629
7831 6321
6212 7128
2871 6246
7081 2813
4497 501
5239 3097
3466 37
3802 7953
1875 3546
6958 2747
908 5167
1721 6827
237 4371
4811 248
4125 4747
5151 7190
5893 7856
7829 7670
6483 931
5188 1374
3808 3855
6929 5386
713 4317
7497 1596
2917 1519
5070 1789
1617 6417
6750 1661
970 298
2570 6261
2623 1749
6389 453
4860 1528
5460 5132
5744 7152
2252 3400
3804 7422
6633 7223
5754 168
3761 6518
3414 4282
3060 1761
2093 665
4760 1631
1846 5076
5747 2007
2548 5470
7368 7364
808 1531
6055 7957
823 7163
6403 7390
712 1148
1344 2582
2872 7827
4040 6675
3099 2877
4573 1090
3008 125
1006 7949
5301 6329
6642 6662
4106 2605
631 3355
7066 4560
5679 2939
1223 1007
2574 5502
5776 3823
1537 4202
242 670
5406 7204
5298 2927
1608 2294
710 7985
6241 1921
3433 5408
3500 5042
237 7890
249 2652
6649 610
1837 282
2117 2805
4117 1138
4218 3587
3014 3661
7527 5100
4322 6554
7721 2332
7329 2442
7543 4155
2207 7348
5688 6029
2660 4633
7278 3072
2247 1127
7576 5384
2005 7076
858 5333
5254 7802
4529 3438
6576 1415
658 5122
4370 1322
6812 7718
2601 341
1141 3544
1028 4010
3511 5438
1272 2285
374 7375
1660 2167
5406 749
5380 1130
5611 5289
526 4259
6600 7721
1880 1930
4021 210
7086 1180
5101 2910
2098 5281
1879 5946
7033 5994
1199 1340
3535 1262
1079 4939
6515 7472
6794 1062
1257 2640
5807 3488
810 1850
5791 4241
6023 4706
4673 1859
2302 4447
1643 1392
2770 4542
4893 2913
7620 3235
6426 5099
6549 634
6627 5436
6501 7830
7486 905
5371 755
2239 6704
2969 4387
3501 2299
3997 1461
2819 7386
1716 7049
2445 6200
2774 3575
3570 7165
925 3647
2053 7680
1214 2235
7513 7801
1252 3518
7535 6720
208 4212
4181 4776
6314 6967
3848 1101
5440 2061
4594 4654
6538 6237
6590 2755
5681 3251
5559 2219
2856 7564
2327 906
5445 7247
135 3826
2882 7213
6834 7015
1323 1049
776 1600
7035 7888
4431 748
5654 3770
4596 2073
7103 1199
7209 1120
802 1518
5402 778
6895 440
2985 2663
7463 1040
1336 589
3174 2212
7094 308
7981 3017
2165 4866
1325 2321
912 2701
6055 3086
7156 222
7460 2539
789 3254
1065 1045
2440 1136
1259 5366
1575 6177
395 1460
5293 2880
1296 5913
1611 6464
2653 801
6270 5223
2457 7922
2574 152
5281 3622
6496 4226
1948 1091
768 549
3596 4590
2100 6129
7738 509
453 2737
7109 867
343 390
5305 6011
5551 659
3174 6728
1099 405
830 3442
1104 4118
4639 950
5159 7539
7186 2417
4811 611
2787 6008
4727 7187
2881 5208
3781 2042
1795 3847
5019 115
4274 7416
1210 3015
7116 1197
4941 6316
5931 7154
1575 7308
3402 7041
4953 2970
365 5935
7720 1566
332 4169
7891 1755
6354 7896
7226 591
5068 1643
3807 4048
4189 6490
2650 5274
7974 7836
4444 5148
4359 1565
109 2807
4584 4591
2494 3184
133 7196
7261 7398
7693 3080
5724 3441
3317 7884
6793 109
6491 781
7504 2308
3438 6415
5118 939
2803 3809
6809 5589
175 7229
2123 4807
376 6640
7756 4491
5194 4647
5350 851
5726 6706
2556 6749
6485 1716
7989 4300
145 7779
7133 5269
6303 625
3756 5265
6728 3275
2205 5383
2684 1062
3370 2467
7135 6541
759 5429
3763 2766
783 426
1938 2709
4540 4406
4159 2207
1890 1007
1191 3520
5671 4738
3918 841
7616 5674
3522 3458
1134 6562
5640 4062
5014 6422
3832 3732
6965 693
5218 6166
587 4709
4125 3700
452 5765
1522 4628
2937 7238
5529 1263
3062 1790
1817 5489
3445 2744
3267 5475
5230 2048
6674 6563
5572 659
2855 3157
5316 5182
1153 6239
2887 6096
3012 3250
1109 1684
3993 5078
3219 5368
2994 5684
3183 4779
1836 176
1050 1653
2722 1716
3946 4874
4294 7461
2694 5100
3415 7451
6227 2660
4494 1035
250 2261
5150 784
3865 2405
7247 2880
3880 4875
1746 5711
5884 1471
1693 7059
1836 435
6354 7455
5915 1623
3886 5443
333 2011
7482 1122
5690 6877
4702 683
6180 1902
3329 5388
182 1934
1400 2895
1197 7930
5019 450
1342 1471
3010 6303
1128 7591
809 6633
4484 7873
4494 5342
490 711
1145 5049
4272 5756
7691 4067
5498 7868
2671 66
6745 6014
4825 726
5099 2163
7139 2552
2018 7076
2065 4633
5659 1805
4010 1790
6171 7151
2844 2477
3831 4864
5405 6394
2644 4222
7725 6694
1505 5635
2965 3139
3035 3795
5461 7091
4148 5144
665 4954
1212 7229
6699 4435
4282 4393
898 5293
1156 7126
12 5603
5064 5754
5913 6658
3380 6633
7446 2951
6206 4772
3287 5020
229 5113
1904 5730
1420 7125
3627 3232
3428 1349
2182 2996
3492 1579
1907 3673
4608 6447
4274 1115
4159 8000
5592 7088
3664 6507
6862 3931
6212 7291
1974 5352
2566 189
4701 5100
5173 3086
5895 7037
3054 302
1483 1085
4726 3182
4657 7541
8011 2653
3356 4275
3092 4188
7351 6806
1139 3089
4366 7103
6829 6759
5710 2935
608 1323
2246 4615
5578 4795
7512 5731
6196 3419
617 1493
3752 3135
4085 5852
6195 5146
6524 6357
753 3884
4101 3002
4936 1421
2498 5308
4381 5205
2303 2468
72 5890
495 4041
6061 4902
3626 5896
855 5323
779 4947
7817 6551
5799 1470
1609 2411
4257 7571
2254 3386
1382 7597
7740 2209
7059 3206
5080 413
4674 992
2481 2378
7470 1598
4690 4655
6009 1307
1901 3618
7326 5756
2 1735
1073 1516
5724 4850
4179 3989
2097 2508
442 7617
6843 6846
6344 1209
4544 1917
796 6310
5897 4793
1354 7577
4987 2101
4236 5568
2132 4647
346 5917
2422 6475
2372 1485
1265 4525
6795 1111
569 2547
1957 7021
2852 6822
5865 1189
708 2321
2336 6508
7582 3461
2881 3429
174 7623
240 1222
4669 3414
918 1596
3396 3738
2813 6390
676 4371
5738 1483
123 3532
1642 5087
2355 2961
2599 1383
4556 1368
737 2378
2469 1031
6277 6989
5415 7347
868 2025
3306 3646
174 30
1149 1101
5213 3539
7092 1868
5068 80
7717 3800
7175 3595
3222 5041
7550 6462
6624 6430
4196 6280
1188 7945
7056 192
5334 1232
497 2843
2291 4233
2520 7727
4009 5320
1575 4611
6877 527
1741 7738
1828 6681
7998 4141
6900 432
4544 8007
2236 7623
1576 6660
328 2497