76
67 93
38 92
-78 95
92 -89
45 28
-26 -35
-76 -53
-88 -78
21 63
31 77
-53 -89
-19 74
-47 41
-28 10
100 9
-70 -25
-82 -28
-81 -67
-43 68
43 -77
92 49
46 34
12 24
75 -87
-7 -96
-67 -68
-75 46
3 -16
85 91
10 56
28 96
-65 -18
52 -22
-78 9
-86 -23
-19 72
47 12
-43 -56
-57 -11
89 -33
-100 75
39 -52
46 88
-18 36
-33 84
68 -72
-61 -43
45 62
-39 -61
73 -67
-96 -71
-6 23
-44 8
-71 -16
-58 7
13 -42
-31 50
78 -44
-91 -64
31 -71
-9 -49
9 88
-18 -85
34 -84
61 7
-83 93
-83 -37
67 70
74 -74
-61 78
3 -5
67 -51
-13 -29
-76 -52
-52 -58
-11 -5
18