130
41 50
-88 -8
72 -46
92 25
-31 5
-96 40
-74 -2
99 35
-90 -45
-8 78
7 38
8 -71
44 -46
71 22
5 21
-23 35
99 90
58 -19
57 49
94 73
26 41
40 -29
55 -52
-20 2
-90 -9
-50 -7
95 -57
34 12
-4 64
-80 -97
77 -42
-68 -17
66 -34
82 53
59 82
78 -79
71 -14
41 -69
-95 -21
6 14
42 85
-33 40
97 -14
-37 -67
-78 -26
55 -84
79 10
11 -63
32 48
-36 21
-70 -86
-67 86
-20 97
50 -85
41 -57
-22 20
30 45
35 -36
93 75
66 12
21 -75
50 16
64 -50
-24 -72
27 61
-97 45
28 -62
67 28
-69 -38
-27 -62
-92 69
-59 23
65 -11
87 -100
43 86
-14 80
57 -76
54 -44
5 -17
-78 -65
-70 -6
28 65
-91 -50
8 -100
-69 26
-10 -34
62 7
90 -10
66 -87
-88 -7
-81 50
-100 17
5 54
-26 90
67 -17
41 90
-47 27
92 20
19 -48
10 7
38 -39
69 51
-25 72
23 40
-89 46
-83 15
74 52
-25 -79
-20 -2
98 -87
-37 -74
-65 52
-30 32
57 -90
51 -25
-8 -12
20 -28
-7 25
-29 13
-58 43
-39 -73
71 83
24 31
76 80
-13 92
60 23
-74 -69
87 -84
4 -50
-6 -15
76