187
798 -922
-646 49
-45 -148
-956 -363
-217 -301
-21 -717
369 -685
77 -741
201 508
942 354
-926 812
-560 -944
758 -664
266 605
-814 251
429 78
368 -430
-395 178
-873 -129
995 -835
641 -735
755 706
159 819
-155 -548
629 -309
-822 -964
-881 185
-413 807
413 926
-14 -535
-622 -172
-132 -549
-353 -884
-330 -468
374 441
-269 -643
78 215
66 -115
627 -931
191 -428
-370 -50
-348 347
232 -289
959 -456
491 -164
-844 -613
513 593
-240 -814
148 -340
-132 -54
-349 934
-90 505
-947 -256
-303 -743
-356 -364
675 -311
-192 -271
239 -360
-677 -287
-761 -391
326 655
646 667
545 481
-834 -547
-399 814
604 59
956 607
-46 -629
-69 -683
817 377
-280 740
511 511
-43 -357
-799 705
500 -949
844 -711
859 55
262 65
-376 963
595 585
244 209
-261 80
-241 -578
585 531
-456 791
16 818
-625 272
-549 -843
-371 806
900 -131
-283 117
418 494
343 -341
-45 -466
-565 -980
904 -977
-34 -717
-448 869
847 -905
439 -201
-50 374
-142 845
494 702
-740 157
-85 890
421 -572
553 -777
528 -521
-479 -959
-478 -93
995 641
28 125
76 465
843 -352
-509 293
824 527
662 -356
633 777
733 -216
-340 706
974 285
631 906
207 260
931 -689
944 406
403 -737
814 422
815 -381
565 -426
-873 -455
-726 742
963 803
-610 988
-656 988
709 296
-63 838
369 176
413 -348
15 -819
258 -87
919 -221
-29 -183
-652 292
-679 757
-100 1
804 -420
207 387
398 332
69 -718
-345 -987
572 -299
-88 114
-577 -313
675 700
225 677
-706 -844
259 -425
865 18
524 -534
-146 54
346 854
326 -446
-41 -539
-326 -845
330 -586
-393 -748
554 42
-941 -961
633 -203
703 -748
-299 230
31 -252
-137 810
-349 -739
308 139
-898 844
-925 752
-264 628
-320 429
743 304
-319 6
707 -113
-807 -962
419 642
640 -667
717 -536
734 -278
82