200
800 -157
262 -844
-776 -611
531 -405
198 -730
548 188
627 243
995 -61
135 814
-945 742
466 69
291 442
11 -100
-207 -546
-16 765
-24 718
340 -334
-863 -337
-954 82
-407 143
-850 -718
938 -913
-206 -265
-426 622
-843 -90
-141 834
625 -672
-356 -886
-134 736
909 -92
112 -513
336 -178
760 -469
68 -907
-348 -34
-841 636
-156 -235
456 -416
312 84
932 219
-256 -963
-674 260
150 2
-269 852
-396 319
-769 -410
-398 324
-364 433
381 154
-244 165
-682 -906
-138 -364
499 840
41 939
892 -137
-522 -260
-682 636
-292 -233
796 139
-357 -800
372 -550
852 -968
677 -552
-570 11
541 -412
161 985
506 -414
-940 -262
-406 482
112 -518
-614 920
782 -80
78 -343
-378 164
-112 978
-630 -858
921 -399
-802 35
-113 463
990 -362
-489 771
942 -429
-838 736
618 -467
776 187
-803 -166
308 -284
418 -907
-799 237
-527 802
801 647
31 -656
-577 -352
816 262
-619 -581
777 779
-687 -209
958 -53
-983 115
-161 -865
907 -37
472 435
917 -144
452 411
-999 -863
-126 -876
724 -316
-502 -857
-404 222
-473 -338
622 385
781 -502
-737 983
504 -667
-533 702
426 903
166 -128
-964 -591
709 -98
-339 492
-853 -617
845 475
-630 532
-386 417
-357 414
-462 -606
-562 -742
-916 180
881 -599
-75 -17
-124 -393
-111 961
-55 -566
356 -527
854 -142
-568 -110
85 -845
-448 401
191 -125
322 427
-946 -302
386 -93
599 392
-586 -755
-331 109
664 -492
159 -790
-174 -791
-884 370
654 129
624 676
-445 -117
370 588
926 -899
-991 854
-844 79
-556 -794
297 355
13 301
-626 -495
-76 897
231 -207
552 -442
-933 914
-170 -652
135 -416
272 585
-105 -731
-604 -243
-17 663
-592 -77
-869 -938
959 -793
352 224
573 484
52 -466
665 -233
-352 -387
-862 -738
-813 800
613 775
-840 574
-11 -369
-395 -147
887 877
-421 953
723 849
-90 949
-782 -478
548 701
-204 -641
58 874
-380 -169
-721 -822
-302 -629
91 762
405 -619
-52 207
288 -686
-953 -238
15