865 936
289 775
93 832
514 369
455 104
242 540
739 286
395 270
410 315
662 485
709 412
667 768
559 85
274 536
469 488
197 705
167 239
548 179
484 22
33 74
808 101
523 511
301 354
23 187
317 361
392 557
497 487
598 859
208 253
500 87
377 417
173 125
64 58
806 237
4 6
407 689
58 693
3 145
190 36
628 374
212 415
735 604
848 456
13 332
554 87
146 507
506 589
367 412
206 673
33 88
658 708
86 601
652 392
858 775
86 7
35 250
446 723
727 10
669 78
774 436
777 458
375 189
297 194
343 36
370 647
448 355
156 462
631 153
512 833
105 859
102 381
577 41
357 771
221 476
748 16
814 752
117 688
49 552
771 850
130 483
633 382
848 240
864 299
550 86
332 780
321 261
565 15
529 471
63 667
724 295
110 478
175 73
512 249
509 448
697 712
662 283
697 611
612 552
331 78
343 336
688 724
141 336
526 83
698 156
507 723
687 290
521 250
575 363
516 133
529 579
333 303
223 236
484 230
63 230
224 546
626 738
511 340
623 611
178 461
356 683
217 324
652 148
10 794
328 375
274 628
262 528
865 643
667 797
192 38
195 187
708 711
643 225
638 453
371 812
827 762
512 773
661 779
144 204
62 643
651 29
196 863
456 604
419 853
184 458
642 399
709 663
353 790
774 313
470 221
521 273
790 40
395 425
231 728
333 656
534 829
263 484
57 16
782 596
748 245
489 287
294 12
270 458
195 191
574 847
181 123
9 112
254 475
24 387
377 718
558 620
368 673
699 365
696 153
546 405
332 532
784 345
537 488
541 470
331 168
289 829
444 486
583 848
281 534
244 798
351 128
203 712
845 304
614 64
543 311
11 785
587 582
565 263
3 746
301 505
48 693
258 661
53 222
782 207
834 39
339 813
91 754
467 791
275 256
216 44
843 752
630 383
543 632
744 826
93 98
608 409
19 509
111 845
190 405
172 76
632 311
105 201
430 3
284 331
399 631
678 732
757 823
21 553
513 760
851 829
329 501
863 56
173 294
600 454
584 154
568 857
571 74
178 65
593 846
588 327
543 264
434 38
804 613
496 67
158 437
508 44
62 335
175 88
284 593
336 18
372 769
761 112
830 778
743 539
595 715
533 104
469 703
501 321
373 688
120 103
644 765
494 633
178 453
618 719
330 2
811 788
332 807
582 16
314 565
385 585
356 521
339 383
467 80
705 118
450 789
179 128
682 745
823 551
561 554
189 651
276 45
72 633
282 311
285 273
266 591
843 64
90 71
311 438
306 471
283 222
207 84
16 76
656 619
486 467
178 787
701 618
172 237
53 138
766 381
143 541
809 276
692 296
570 102
644 723
92 169
701 453
814 34
802 14
17 709
785 582
445 806
620 544
32 73
711 659
855 477
429 501
460 719
4 402
486 570
691 761
786 714
665 805
163 29
553 748
285 305
818 690
426 371
463 174
325 517
756 782
661 642
499 245
728 193
307 613
304 721
575 566
451 326
163 348
369 244
768 330
114 851
622 366
575 687
296 172
587 232
328 417
124 331
9 598
30 126
662 755
429 153
420 614
808 398
256 36
739 634
242 303
678 443
260 706
274 846
688 377
663 321
692 50
660 499
195 103
549 856
223 705
543 410
168 724
738 251
400 554
842 53
250 518
96 384
341 724
209 602
523 186
308 98
830 319
414 688
317 690
501 41
767 203
316 145
787 728
103 545
139 356
843 10
108 45
339 29
459 438
754 740
433 261
474 807
91 33
380 34
629 712
542 114
300 79
411 762
684 817
304 863
817 599
271 179
175 784
641 793
563 119
746 484
18 349
15 654
842 716
619 182
613 188
825 383
57 676
660 301
804 751
218 647
102 468
278 248
392 596
32 662
134 501
51 110
190 233
259 636
564 163
528 727
414 706
671 528
256 35
366 243
27 28
284 382
209 486
113 712
361 81
499 763
841 535
121 540
289 61
338 302
302 630
669 680
801 613
796 790
328 742
566 628
611 627
670 261
174 501
540 663
66 743
248 27
228 344
692 472
82 50
615 811
170 625
188 69
464 839
698 658
323 374
159 521
460 346
835 484
301 695
158 552
672 361
719 296
405 579
521 668
860 176
76 379
137 466
649 40
240 252
210 580
186 331
142 50
711 595
84 303
505 331
237 29
462 348
327 97
85 739
423 79
546 316
516 288
848 550
672 177
263 165
336 189
714 807
585 618
603 114
696 755
844 346
579 404
645 642
435 833
6 500
444 715
765 197
320 492
481 117
90 103
647 537
263 713
14 399
695 432
17 184
419 196
730 669
434 137
708 549
39 543
404 545
435 323
412 265
409 342
468 17
229 670
225 71
441 579
469 263
504 176
574 158
321 173
565 430
174 63
494 239
672 333
530 127
705 791
496 753
402 165
861 614
657 317
197 245
443 405
487 809
704 103
286 363
862 134
183 500
816 809
724 412
699 547
245 304
742 513
189 713
747 80
289 703
280 244
602 260
126 264
380 32
351 139
584 612
447 212
773 176
315 71
749 720
397 404
24 532
861 704
433 636
420 209
131 429
215 185
445 575
260 449
266 126
539 207
271 19
88 422
140 25
20 262
349 622
258 347
122 760
121 8
277 306
25 354
309 731
641 127
374 581
119 107
80 746
672 355
353 286
446 773
755 194
440 136
415 37
791 171
578 525
262 311
676 693
99 415
486 215
176 18
223 424
578 821
605 355
311 823
129 48
419 453
444 296
247 328
627 385
394 839
304 28
191 832
369 644
115 192
675 351
274 47
774 401
843 42
191 536
57 716
208 460
120 837
489 324
256 628
275 726
850 427
47 370
46 351
635 235
697 398
335 214
363 485
44 118
665 445
245 436
49 41
207 634
505 599
387 595
141 850
148 47
307 698
538 379
559 752
149 388
513 196
195 240
736 417
99 243
161 187
348 215
487 38
457 690
471 149
836 163
583 756
755 572
204 539
850 344
354 600
598 150
174 600
196 595
445 254
340 503
837 654
656 337
649 618
712 834
21 186
757 700
479 87
367 673
389 741
818 740
644 711
740 598
745 283
710 121
15 668
184 459
575 820
621 230
649 636
617 862
510 515
331 256
187 582
780 800
802 559
829 482
308 406
665 129
730 155
20 498
640 189
843 705
370 513
361 326
597 323
275 246
648 393
767 787
782 581
638 108
512 528
208 714
464 842
429 404
749 662
68 222
257 330
364 4
184 190
748 50
636 277
277 800
865 273
170 458
620 632
688 651
475 117
486 269
495 617
25 32
21 579
187 684
842 765
358 42
78 189
679 525
733 675
486 286
177 48
555 616
369 794
769 846
401 599
143 452
721 607
712 76
104 668
119 838
573 781
296 163
672 788
134 508
136 561
341 695
313 193
314 834
707 864
370 843
611 429
482 3
363 533
54 855
530 562
457 264
688 111
298 129
413 727
626 666
487 582
698 559
525 125
185 309
393 524
698 263
308 242
156 820
95 711
436 853
366 799
855 443
865 28
188 194
837 433
725 653
690 606
802 786
505 428
244 384
420 428
746 776
537 861
141 837
84 829
420 829
307 376
839 131
249 862
106 349
100 304
633 106
502 302
751 156
233 408
155 317
623 336
270 449
726 376
132 104
511 265
729 228
48 112
621 152
310 663
339 143
739 521
389 175
291 814
109 499
508 468
568 103
803 110
714 164
666 844
456 521
356 148
763 36
658 843
733 157
463 361
694 416
298 412
717 129
74 303
413 143
460 369
397 275
756 118
753 66
3 843
864 96
49 54
300 595
664 401
381 595
402 286
20 539
652 173
416 766
156 780
636 511
103 713
3 192
661 704
661 331
18 627
516 567
537 622
831 496
397 22
843 754
296 712
376 368
704 78
757 123
310 364
634 615
552 3
300 608
651 349
746 518
745 652
558 463
670 569
398 232
829 798
392 297
392 594
26 472
440 134
68 114
591 182
540 504
138 363
309 566
715 75
279 274
689 524
459 506
240 431
863 793
694 434
347 798
797 30
108 667
204 567
220 564
529 356
613 443
534 733
217 132
114 195
161 542
828 483
186 814
212 236
128 111
503 421
292 854
828 275
427 522
615 648
711 823
81 625
47 119
374 325
604 161
3 770
546 25
790 157
579 836
783 164
789 347
551 33
806 504
594 844
707 313
510 715
537 31
390 340
81 595
673 246
825 338
766 862
226 32
336 219
701 82
443 748
57 144
379 290
532 305
176 132
774 865
179 306
562 376
183 301
