5444 2898
5390 3701
285 650
873 3536
508 3071
4699 4608
2703 3451
899 5283
1238 3038
4431 3921
4184 4460
4979 1284
370 832
3800 3161
189 4516
326 3251
4661 2886
1059 5352
1611 1857
996 5047
2468 2642
3944 4226
162 4276
2077 1215
3370 2771
3148 4609
3189 2167
601 4120
3729 4123
4273 1970
1728 1219
608 3561
316 5136
3460 1054
2426 4173
3950 2771
1520 4645
4196 3497
4417 3059
4794 2467
4879 3286
462 2831
5187 4013
2953 3187
2766 122
218 4595
2514 20
4154 484
1334 3257
907 4035
1291 1825
2790 4377
4570 3565
3872 5346
4737 1841
3308 3221
4876 4850
1826 4627
2421 2746
2993 3756
137 5235
222 3549
2324 1993
2666 2073
2513 4020
430 4708
4368 3339
1048 4926
3695 3086
233 2517
5039 1896
3357 473
4891 2170
430 4167
4979 2360
1276 4286
3404 1361
5007 2995
4472 2020
3978 1359
4713 3504
5117 3424
4133 1809
1653 973
2230 1684
2739 1006
2377 2345
3527 3604
4946 1535
5103 4701
3287 4572
3941 2927
4932 928
2110 717
5209 4621
410 2084
542 3113
4273 4009
3363 2402
3033 2510
3202 1304
4176 4947
4813 3814
1845 4413
1195 4944
5256 1543
2437 2222
4248 2739
5344 70
4020 880
1210 479
3236 3210
1895 2118
3431 2010
694 1757
1622 4310
487 3494
969 3860
4201 3276
1327 1680
4865 3431
1452 2677
4558 608
3272 5196
1226 2817
926 1245
4675 5055
4483 2904
3847 4532
2518 4952
5292 965
3205 4525
1485 5079
1931 1686
1973 3300
3762 5306
2767 1904
2509 915
5205 3479
5037 567
3819 1816
3422 3556
371 4333
3754 729
341 3940
4599 1551
4843 4633
2242 260
1846 3594
2680 3577
408 3258
884 2596
4006 1332
2634 4971
1587 812
637 1180
2437 4136
1502 5264
4102 2824
2849 3443
473 3908
1564 2686
1904 502
3742 5157
1362 3945
2358 4321
3756 2826
369 3202
4739 1285
4736 2108
1485 1370
3537 1679
5273 272
1318 2874
2094 1621
1033 5009
4064 1433
2579 172
2344 2380
4184 5127
5233 873
4520 1597
2022 2474
4801 3394
3338 1980
355 5147
4923 4978
5205 3279
975 4506
3685 4052
4589 5209
5041 98
3931 2935
2613 1420
2984 2749
22 855
3777 3547
4819 1660
4177 750
937 2073
261 4134
5154 145
2840 2016
2740 4608
2476 2214
2345 4118
461 363
4865 5444
4911 2708
441 892
1366 449
1335 1312
1686 2287
2301 2865
4067 2366
1518 4221
3443 4493
4758 3297
1403 2837
4698 2540
4639 916
4098 5078
4503 482
4495 3495
1473 5033
704 424
5134 5113
4477 120
2972 5409
4555 1993
2974 19
4998 1490
3569 4675
4993 4218
4449 4398
4638 3733
2039 2194
4759 1739
3112 4584
2472 5118
1284 1486
23 1753
5037 1829
2446 1465
847 1421
5373 4531
5023 4158
2972 2589
2908 4946
2161 4169
3118 5260
217 2526
5426 1449
2616 3655
4404 945
103 3158
4940 457
5034 1979
5415 1040
2822 2486
162 3604
4796 742
2134 2302
5018 282
3134 1115
1693 3391
5167 5393
1736 4092
1531 233
5085 4990
672 1586
2711 316
4189 4659
5429 3229
4606 667
2524 1882
3041 3683
1192 3977
3450 3800
380 1468
4335 2350
3302 796
5192 2190
4583 2485
2764 4057
3891 5241
3756 2510
498 3060
116 3078
4024 4605
4312 1957
4249 2434
1040 4559
3224 2002
5013 607
3935 3542
1224 4966
2651 3633
3602 1733
5086 1716
883 1562
5186 3234
2060 378
558 588
3290 156
2110 531
970 5022
2366 4852
1381 4420
2308 2808
5318 1667
4801 2558
720 2911
1196 2161
3611 4353
4372 4592
1573 3871
5230 2951
153 2400
4373 1671
1938 3525
2084 4507
4311 3242
3140 255
5275 3464
3518 4186
4537 2007
3880 573
1943 3260
189 795
410 2922
5163 151
4663 4869
2470 3843
1756 2346
913 1133
2816 3319
913 3054
4438 3794
3177 452
4952 2000
2906 893
5082 1479
1093 4481
1381 1961
4314 3440
5303 5327
1026 2660
2086 5119
866 3165
2495 4019
4784 2356
4859 2244
1548 642
4599 1109
5338 2955
346 2773
1653 4590
3921 4535
1752 2626
95 2919
3077 2285
1222 3817
3815 91
1712 2684
4381 530
694 407
1020 778
4976 2890
1181 3467
4469 3521
1380 962
5295 494
4387 2410
3481 3590
4375 2775
2184 2340
542 3756
2460 3385
2518 5103
2788 1761
283 706
4359 2858
4695 4157
2989 2668
3921 950
2340 388
3136 2778
1151 4372
2882 505
4194 589
3991 3550
4744 964
1985 945
1141 3305
5400 4676
2970 290
5424 1901
4883 3208
1686 2199
5136 2361
4691 1469
1997 4435
1142 5044
1706 2036
396 2663
4828 940
842 237
1478 1718
4096 2682
1609 1432
1837 233
1249 5058
74 2317
1599 4563
5158 1756
2916 54
83 1148
5247 166
4258 518
4060 69
5235 21
2249 857
4455 4898
656 4758
1448 1112
4494 3569
2186 293
2745 2553
4330 4113
3690 4132
1918 4962
157 3360
3081 3493
5389 5222
152 4299
3028 2455
1723 2303
678 1013
1934 3051
4560 1933
5324 1113
5061 3434
4692 492
5433 2080
2646 82
4372 3022
984 3179
442 1624
2271 175
5177 5136
3340 4566
2091 4534
3102 714
4292 2583
4578 1488
4900 3225
3327 3487
4974 297
2231 5192
2401 3097
5144 2117
4988 4609
3661 3675
3613 1824
4744 1118
3601 2203
1529 59
2881 212
3042 4440
277 2058
2801 1761
2460 3024
1528 4811
3891 3181
1859 3723
4650 1308
4838 4396
4274 4877
3264 1467
427 3037
1441 4526
3074 5355
3874 4650
3744 2932
1154 1407
1805 3624
1017 3512
5174 2318
4298 3608
1812 5126
2705 3091
370 1343
1875 3033
3939 3781
1120 4669
778 3859
3992 2271
3690 5374
2694 3154
3490 607
5098 4172
3286 3056
3022 4721
486 3011
1258 4463
4221 2178
1528 3496
3315 2110
4641 4957
2111 3847
3398 3806
2110 100
1539 1047
1564 2354
1704 4585
1457 1775
520 1267
4286 3984
3436 1135
2186 2480
3933 4972
783 4542
3624 2055
2728 2238
2376 2399
1458 1082
4707 1284
4050 3547
1610 3574
3389 1914
1044 4733
3392 3980
4733 5058
3856 576
2830 2649
3550 497
76 4411
755 5053
1499 3745
15 1303
3822 4538
2436 3599
788 1689
3458 5094
1403 3617
1338 3794
3620 192
5270 5047
604 97
5141 4562
4517 516
1286 5295
3618 843
3662 4818
1882 3181
1286 563
3806 3699
714 911
2853 839
1734 958
4205 818
4596 857
3794 5218
1529 2437
2978 62
2743 5393
2726 799
5174 1930
2138 360
2519 780
497 1920
611 3449
4914 1913
2933 2646
60 4577
4027 4361
5229 938
3395 3052
82 1224
2141 2555
4889 4848
4937 2075
4073 3110
3836 2332
2014 4605
2025 695
971 3335
62 3581
4321 3626
277 4451
2963 4143
1501 475
52 1372
4394 1242
3124 4839
4516 1973
3483 234
21 3765
1504 2641
2745 4308
2595 1377
4541 4648
969 4692
3607 4725
1832 2894
674 4593
271 4564
2662 3206
4284 5107
4419 4981
217 348
3334 12
1149 2025
332 1914
1575 2517
5430 3462
3595 4360
4355 1600
4628 2192
3808 2337
569 2500
1821 5290
3272 2095
4716 1420
2005 2103
3135 544
2729 3763
1315 4962
673 5320
3343 4743
938 928
1310 5182
4470 895
3306 3924
4650 1075
2346 1843
2545 2168
33 3845
2018 440
1527 1154
1663 5137
952 303
4938 965
2013 1594
3780 2975
1676 918
647 337
1165 2318
2434 1055
2960 4093
3280 4116
4221 1667
2369 3293
5224 293
2536 1227
2862 1547
3093 310
4344 2974
4628 3249
1016 2890
4621 755
2201 75
2713 4458
474 194
4255 3453
3890 194
4450 5201
873 1801
3641 895
772 3791
4778 1201
4872 3909
892 2820
4322 2420
4517 1057
3752 4056
4549 664
5255 4886
2305 4522
312 2026
3274 4546
3270 3111
3228 3189
2718 931
1150 3260
914 3418
2584 64
710 1468
2728 1367
4939 1977
946 741
2256 5261
2708 2802
3965 1952
3887 2319
3015 4463
742 778
1061 2329
1375 74
1431 4430
2509 4296
259 4388
947 933
3774 4222
2572 564
2124 1763
3438 4560
4446 2089
745 1703
4233 4667
633 1688
2138 2368
1580 2278
3738 1635
4079 1294
5120 2835
2626 3145
2049 4997
4952 1766
1104 4091
1387 1871
3454 2300
5439 4371
233 4526
3980 1354
4767 325
429 5323
4996 4508
198 2828
4315 5202
3166 2203
4083 773
4413 715
4882 4248
5104 3019
1327 2133
1154 4290
1915 2791
4079 5363
2295 1565
3094 4450
3927 1571
1755 3966
2311 2517
1947 4051
2923 4164
3358 1751
3783 2371
600 4870
655 1840
326 2310
1880 1505
3381 4835
4754 5240
2014 3313
2336 4519
2438 889
4143 4649
584 3490
623 3863
3354 3087
2201 1276
5005 1049
4874 2569
3315 4094
5398 4112
2197 563
1654 5077
5245 4461
54 2254
4434 4782
4406 4490
1908 4484
1077 4132
940 108
5130 3675
931 427
682 3060
3215 126
4428 2203
5322 4208
3132 911
3913 1855
1021 4572
1874 5098
2515 4234
2522 3564
4869 1939
3071 84
877 161
3429 2817
2091 1070
2429 1729
4651 2659
4220 2174
2441 4536
1849 3152
4455 998
4879 5093
760 231
3179 429
4553 5055
3379 1478
774 5127
1485 630
4483 3906
3434 2003
3641 4242
4671 4825
3771 786
1474 1656
1474 1671
1978 4151
326 2697
3635 4482
2774 5056
5428 1652
1895 688
1620 4511
2449 4813
1889 3780
3001 2610
3456 2487
1653 2379
434 2384
3321 3910
2457 2802
691 2430
1646 4684
1205 1364
3400 2473
1377 1378
5149 2737
1700 372
1923 5155
3677 3953
3775 152
5257 4109
52 5101
1748 2503
1747 2567
3762 1100
978 3252
5240 5065
1003 3447
1341 2948
2238 1420
4099 4691
4943 3255
647 1620
431 3509
1324 5202
14 678
2920 5229
831 874
4194 1173
923 2300
635 5246
2202 2897
3461 1043
3377 2390
4042 5402
4520 1880
1193 689
5265 4167
3639 2825
1822 5069
5373 1905
516 1139
5380 2786
793 2663
4574 4257
5125 1449
1891 1526
3985 3387
264 5228
1680 4711
1560 2747
5310 5334
4796 4889
1804 2570
3968 2811
3744 859
193 1635
525 170
456 790
4491 132
3246 1726
2339 3061
290 4637
3192 2661
5046 1172
5120 3209
3006 4460
3176 329
1290 658
606 5206
3795 3978
155 4699
5112 4708
3258 251
5167 3640
4068 406
2755 4126
5136 1860
3464 2346
5266 5313
325 3812
1278 3067
277 253
5173 5233
727 2104
4919 5072
3674 4309
2665 1932
2329 2032
5328 4369
982 2332
707 3855
1765 1331
885 2940
3466 3118
2409 4575
1540 1684
1963 2104
1845 2778
2122 2254
2788 778
3736 3619
3016 4112
3425 4594
5183 1831
3138 186
2331 4983
3703 3423
425 1462
1434 1980
2018 5268
577 1157
4244 5408
379 288
50 533
865 432
3877 2315
4068 2751
3195 4975
5330 2775
615 1326
2583 5000
2321 2717
1240 74
2619 3953
3809 955
5225 481
404 2858
2214 476
3735 838
229 775
3296 4551
2255 275
3641 4390
4140 688
4834 1179
1796 1536
3646 655
3518 4241
2741 3365
2065 3768
4090 3103
1016 3632
4037 1916
4104 1526
2385 1798
4037 1308
86 787
121 4119
5006 919
3383 1779
5108 3701
2494 5385
2870 270
28 3908
3996 4765
1809 2085
4227 5014
4358 1785
633 1385
2496 774
828 3039
5246 419
1898 1195
2250 3968
2960 587
1765 2529
482 4560
3011 5324
2435 1110
3733 1084
3420 2960
833 4631
421 3125
487 3857
3251 4278
1968 4321
1940 1340
5442 2805
4548 2991
3061 373
3511 324
5167 807
3197 1287
5348 1093
1488 5252
391 2804
1639 144
3242 4426
3261 1230
1232 3718
892 5390
4700 5379
443 2696
1919 3986
2542 1966
3276 1374
3843 2458
3520 5369
2313 5006
2571 1126
1178 3080
2417 289
1926 5269
4789 4928
4611 4954
3971 246
4386 4488
3622 823
3020 3439
3346 1925
1392 879
2623 4265
1677 615
1691 3349
685 4985
3852 743
1224 5238
4585 805
1096 2478
4012 3821
2669 3987
3855 1416
2833 1028
2992 5147
1242 4654
4775 5027
841 5003
2547 1950
745 1764
5046 4754
2801 4358
81 4529
3197 1014
3733 97
3883 2394
187 4598
2571 1353
2980 1846
2283 1156
836 4463
2546 3849
1082 1169
2087 279
1877 701
5322 3144
5323 1564
154 1694
4044 2337
3996 2598
785 2844
231 5363
3102 4336
3455 431
4954 2886
5381 1162
4669 4603
404 1501
518 5392
3982 1847
4453 3872
3743 5374
2121 2261
5130 254
2099 4117
3501 2845
2977 5141
2206 1941
2081 2366
5015 4397
1468 4948
3627 3097
3569 4919
4399 1205
2528 2227
3034 8
4543 539
2444 355
2968 1690
2169 4801
2622 2521
682 958
3090 3522
4841 5398
5262 1366
4435 3650
2774 3855
3859 4805
399 1077
4386 3925
1244 5288
2290 4982
4495 914
2969 3048
2371 3825
1988 1370
94 5147
192 2762
4604 199
1472 1890
2739 4282
854 1239
3882 1762
710 2055
5234 4458
15 335
1605 4351
4431 3082
973 860
1065 928
933 2060
5346 3830
630 1691
4907 2143
4224 3949
3199 989
1599 3561
1176 32
4701 323
4400 4824
2459 283
2040 3947
3888 2490
484 4270
2600 1534
715 2048
4136 3075
1886 4408
3245 876
3477 1127
4417 1662
1696 1189
557 2987
1249 1739
852 2001
111 1749
1488 1895
185 1491
533 788
339 5258
1143 416
3761 2313
3105 2220
2818 4634
3514 1014
203 2053
257 432
924 4812
2631 830
1553 333
3811 2488
2269 2381
4350 2120
2883 5270
5192 1564
4813 5348
854 637
1606 2271
3161 3828
4646 1307
2550 2191
932 1165
3609 2889
845 2901
1703 2268
5258 4183
2202 2121
4311 103
3343 4500
4678 3303
3550 2553
3270 2351
4783 4516
5282 2201
3972 1525
3171 3327
532 2618
1239 3570
96 4299
1848 330
3356 4702
1544 299
4765 4604
2059 1615
3498 1474
2452 1164
3506 3831
4831 715
1765 4133
2784 3670
3075 4871
135 1845
431 5120
3776 2143
1159 3992
2932 3772
81 2908
449 4619
990 3980
3139 484
4936 5054
148 4964
5194 4438
5044 869
2612 3184
2179 3624
3978 4138
2561 2127
841 231
1082 4556
1264 4906
705 1498
3918 1042
2601 57
4812 190
4790 1957
122 2911
363 5103
2792 4050
1877 428
4306 1538
1814 1676
4547 4128
2513 2755
2305 1750
2964 4306
2159 677
5074 2941
2571 4702
2840 2070
2435 1212
1432 4517
56 4001
2858 990
4155 3841
995 1889
1016 4129
1341 3500
1758 2142
1114 4979
3265 3835
2556 4958
3974 2020
1035 3519
788 1137
3188 5363
1552 1200
3746 4397
3644 169
2821 3568
559 1879
4085 2756
5233 422
4622 125
743 2597
1842 619
5398 4263
1873 2071
3554 1047
136 2809
5343 4995
3460 5267
1504 3264
2818 4999
2639 3140
1512 338
805 4212
2113 1237
2133 2463
734 1232
4997 4599
4328 2473
1337 3652
2290 3722
3484 200
5241 173
114 3953
508 2364
3606 4153
3246 3786
213 4779
682 4728
2393 25
4314 1014
4576 1184
3834 1142
2017 226
2173 709
3700 2135
5009 2962
2324 1451
4649 3159
1603 3508
2363 3003
4231 4602
667 880
284 1196
543 1714
2549 2071
3278 4228
2500 1483
34 3643
949 4417
4402 4167
5435 4200
3846 4416
825 2124
548 2290
5284 4442
3183 292
930 3625
1409 1895
958 1991
5138 969
4244 1518
5332 2508
1666 3053
4308 863
4478 1005
674 2408
1534 2346
248 3018
5241 3329
67 2152
3818 4150
5260 1139
2205 3907
5213 2033
4404 5093
2725 516
5131 1152
503 2124
5231 1221
2121 3427
1351 4444
332 1623
3724 2716
4999 3980
2482 2760
2759 1184
3316 3283
646 4753
4179 2502
407 4479
783 691
4780 5229
4207 1189
2385 1187
1161 2929
3980 4195
4524 653
4857 2374
1608 3701
2792 3589
2739 610
1653 5174
736 1574
1597 1267
3344 4515
4545 5040
568 3501
5072 4289
2625 3551
3694 4229
1066 2023
5125 2401
3721 2241
2842 2952
244 2792
2080 3346
2334 1261
5193 5002
589 435
5181 1391
3829 3793
1297 3375
3546 543
2324 2630
803 1675
3836 2304
5418 1150
3713 5375
5324 2513
5172 3493
885 2711
2484 3505
425 801
832 3368
748 535
1213 2077
3833 5102
355 3006
2982 2592
1213 3697
1117 3701
4378 4582
2727 788
1152 4674
562 2247
3212 5393
5372 5301
3833 3693
4313 1204
1251 1412
5418 4826
1369 594
3583 412
255 1539
3996 4998
3301 1060
316 56
2342 4913
3217 3467
5226 3535
5215 5225
1005 5396
1340 2364
1659 700
1355 2727
5123 4523
3496 5359
74 3702
646 2555
3981 4336
1533 2337
3286 4699
592 4749
4478 2655
709 2730
469 2981
3613 1293
2683 1222
2914 1456
2243 4126
250 721
1928 747
2007 1993
2025 1522
3429 3940
4762 1033
2394 2170
4302 4869
2528 1204
4593 207
3985 2091
2680 1972
4071 2736
2600 1474
322 2513
3316 1552
1680 4045
1494 79
4934 2623
1165 5283
1841 2415
1525 4632
4705 4727
3955 3026
4552 855
5385 4778
1957 4774
52 725
4625 4827
3966 2613
1303 3480
3968 2765
4800 1801
1983 418
2015 4076
2152 1425
5344 5052
5281 2403
5336 1637
227 1081
1647 127
2480 1659
1535 3245
3488 682
2662 3855
2211 4657
2510 1520
1980 4179
5361 3235
1237 123
342 3266
4642 1076
3424 2221
1456 1391
3387 463
597 1123
2402 4167
4260 1112
1989 4001
3343 3440
2671 1172
713 4988
3030 40
4779 4338
2814 2198
4091 254
242 1843
3523 1739
4816 131
3953 3426
1094 18
4024 5166
1840 3656
5130 4766
995 2219
336 5221
1971 4499
1304 2272
3091 4243
1902 18
1162 3961
396 1373
3114 1275
2822 1804
3200 517
1950 3927
256 1737
2634 1815
617 4971
1019 2252
421 1013
5269 2317
221 4565
2663 3504
1618 665
31 2848
2561 4731
4213 512
4553 1078
3071 2053
3426 4245
989 1157
2498 1636
4880 4018
3748 402
1192 5209
307 353
3541 2907
2157 5020
988 4150
4853 149
5274 2023
1999 4889
1076 2209
419 1932
2912 1107
4047 1236
3195 225
2178 3734
3885 1948
2072 116
3444 3364
5220 1191
3874 2134
2863 1299
3336 2761
5123 2314
2873 3333
3839 4028
517 4428
758 1315
187 1714
441 4190
1255 2095
1842 35
1301 876
4402 3449
3291 1739
2612 1721
2393 4216
1009 1576
1105 3354
2087 2970
3554 417
2194 2318
3360 227
1115 5173
3795 4053
474 2102
2449 2066
1130 246
3996 5253
5336 429
1081 2452
2287 2733
4861 3182
3993 3524
2965 3050
2562 4252
911 842
5355 2775
914 1350
4705 1725
1803 1475
3087 4669
4073 5172
3707 2390
2571 4176
3735 3752
5238 5399
872 1012
1372 1342
418 3405
4354 324
2010 3162
354 4077
3366 780
336 3637
5017 3817
2317 2919
1843 13
993 4454
3154 3419
1410 3650
249 177
4412 2260
765 4342
489 1760
2620 4113
3940 2734
70 2057
2966 5052
352 3500
3548 1721
4780 1956
4873 4386
3685 1404
2358 1014
1269 3535
3773 1653
2969 1378
108 1061
1270 2640
3657 2604
5406 2278
3802 30
2742 1666
3202 2629
2915 4955
4019 2303
112 2590
3931 3496
552 1196
3066 4929
3343 5354
5173 3072
1543 1194
5087 2540
2393 2189
2159 624
3551 2787
1090 3883
3644 4379
4557 1016
211 2063
379 4396
4311 5095
5268 660
1114 3882
2589 2699
247 1579
1553 2724
4431 660
3236 3243
3091 4433
5181 4541
1304 2518
1803 2908
320 4054
3755 2777
1158 630
4199 5215
908 482
428 3900
2351 5104
428 3594
3168 4180
2794 1114
1284 4529
4912 4481
1597 1083
263 1121
4477 2943
5385 3589
2781 2926
3792 1304
515 2420
4143 1460
4395 5214
436 4305
4770 1818
1095 3868
3070 209
2373 2384
3419 1194
2316 1167
1594 4964
3766 1054
1680 4745
3154 4766
3170 1831
632 1330
1224 1804
1825 4650
1733 4135
1887 2163
1838 4599
3144 3762
2609 4327
4791 4756
3691 2736
5295 4277
615 4414
4478 201
4582 187
2249 4559
554 3231
4422 1232
973 4769
1379 5163
2333 4633
2193 1896
4644 3470
4326 2844
531 3198
3377 4193
325 144
1020 1987
54 101
5057 2202
2488 2481
2454 3920
2211 4967
2966 1844
209 4193
1972 915
3750 2577
4237 875
1365 3000
2686 3321
527 4758
5279 4752
3824 1469
575 1962
1587 5284
4660 2626
1908 1762
4400 3873
3641 1094
2261 5279
1422 4735
1538 1367
1835 4492
5361 2764
3428 3891
3999 5258
4523 4163
2480 5331
1911 99
3499 2405
998 5207
3698 5226
2324 2640
524 3440
4546 2706
2523 3337
2256 5238
4843 1922
384 2091
3853 1174
3761 4054
5230 1929
4280 387
1254 239
2654 3523
3457 499
5436 226
1331 1752
1516 2344
2406 71
2241 3895
1091 1369
3861 129
1878 522
767 2355
778 3507
118 1972
929 1614
1939 3092
2347 3899
1736 396
3388 2577
1930 4665
3202 5424
2595 5251
5022 5246
542 5223
2471 3395
4617 1457
3624 1338
4787 471
4433 755
392 5312
1280 3083
1284 3509
2987 971
2945 1876
1013 2822
5359 3818
5088 3771
2928 2143
2947 4363
2459 3638
5408 1278
2406 5409
2740 3163
4678 1425
720 4837
2807 4375
1568 4874
3752 1952
234 4925
81 1629
1457 2527
3724 4176
1811 5051
4089 1768
541 4566
4063 3197
2169 1814
2690 2864
4147 2506
5126 1183
2495 4115
428 2571
5126 41
3783 4038
2964 1768
2645 3693
3068 5210
2325 3442
308 4447
3984 2086
498 1261
4339 2435
4613 1979
2128 2297
811 3246
2315 2249
4816 5088
4479 1997
2101 4468
4950 704
2407 4041
2312 4706
282 5079
4650 3964
746 194
3218 2845
4518 3134
1144 4073
4395 4916
4583 2964
1317 2744
4342 3112
4748 4828
4647 372
553 5371
3773 116
5198 4530
3967 3472
3022 1814
5057 3960
2518 123
3725 812
5428 2369
21 1523
2828 4868
4163 2079
1475 5116
1756 808
4806 1819
2253 816
2703 1308
3243 2151
4339 2154
3671 1573
3756 4575
1367 1690
3548 4667
714 3598
2371 269
4558 978
1859 3192
2511 2082
4697 2800
252 753
1273 3701
611 1873
782 3038
1069 3995
2839 1111
358 2742
4847 211
1694 2561
1066 5382
5000 2947
4323 241
494 1923
3521 1169
5045 3645
1422 5004
3803 3286
1356 3437
4147 3187
2078 542
2407 5179
3605 5392
866 5161
2465 2316
1472 4192
282 3499
1944 2517
5010 3899
380 2494
3356 5273
1274 4914
4623 4373
3778 2335
5332 2292
1748 558
4917 54
4762 104
1336 2134
5279 1003
4146 2
2678 5108
575 887
8 810
4978 1693
5194 167
5071 1584
5302 1558
1394 814
3325 2042
4310 5114
3576 3439
67 4813
4160 4663
3723 4289
741 1784
2072 4616
5055 5294
496 2979
737 3524
4833 3944
988 4442
971 1222
864 3460
2957 1662
549 1970
5028 2083
190 5250
2690 1771
1205 2811
3522 391
5155 3712
3441 4033
141 5340
4313 4138
1367 1905
1091 4175
4466 3360
2910 5066
1458 1587
1893 4491
5065 2941
80 3625
381 3690
883 3498
3727 470
4344 3279
5337 4595
2206 1420
3736 2351
2020 1994
3159 5088
1522 3590
5309 2119
3742 2960
631 3351
1481 5356
98 2556
4053 587
365 2712
3714 1221
1895 4781
3465 4128
4337 1113
2474 2291
1805 3670
2667 894
4411 2253
3027 4199
4070 5406
2345 93
4689 92
4997 3403
294 1296
1497 899
2568 4428
778 1432
351 1143
1050 2471
4963 159
62 1112
4557 4745
2629 5239
3952 21
4159 149
1435 2062
2549 4905
1484 4276
3074 1849
1613 5355
3745 2747
3846 3666
4 653
3357 5125
930 1420
3686 2040
4985 4589
3791 5271
707 1548
1039 802
241 5284
3439 1087
3520 2401
1138 4411
762 1907
4274 3496
824 280
4085 4059
2280 1906
5063 2376
2432 3683
4313 2978
5106 1656
4025 384
2152 1447
1423 3734
3835 2150
2145 5361
2036 245
1551 690
3364 3699
1885 3409
2539 785
1574 5315
4009 4743
4780 1219
94 2927
3900 1876
4484 3086
3888 946
1694 1640
3817 798
4264 3718
4675 4257
4455 4341
2908 1405
4472 4880
2238 3665
5037 2508
1383 4414
2335 3691
1600 5040
3542 1331
3356 4699
5011 5143
3040 2503
4948 1734
4585 4409
5316 5043
2536 2987
2225 5277
3856 5373
658 4041
4503 1246
4941 3244
4935 1883
4474 3670
5118 4618
1830 3206
3088 2080
5033 779
250 3218
2664 2773
4158 216
4240 990
3710 217
3034 2064
2853 983
148 3083
1324 4785
2639 2713
3313 1883
2639 1736
3003 4861
1618 5237
890 2415
2981 1303
2128 1500
437 3579
3480 602
471 4956
1799 5367
609 3040
1819 4694
3288 754
528 2291
4685 669
4501 1418
2754 4319
84 969
1198 69
1318 1354
2420 4951
3507 3784
3603 3417
3068 2765
3466 2732
3217 5389
3480 850
3840 909
1880 3569
1102 497
2400 5385
136 2290
3058 3346
2916 5069
2264 3404
1766 3367
1003 877
844 78
2876 5163
2388 4527
1135 2376
2842 3742
2854 1156
4076 759
171 4033
1692 4042
1 5215
5316 2286
1627 5438
4832 2701
3170 4307
4695 2973
3206 2204
3833 4869
1067 3137
4738 2479
2964 1634
5037 5204
4097 5130
3776 272
2789 2875
700 1144
3318 408
3331 839
5268 302
3257 3121
3070 163
1698 3989
572 4396
4876 4016
529 4867
4647 2731
4818 4772
798 2951
445 1851
2264 4354
4917 5365
685 4905
5321 4382
2924 1179
2923 449
1412 4706
1336 2695
1438 4290
3111 3250
4761 4011
2219 1417
1672 1980
1086 3687
1867 1135
3050 49
512 4170
3837 2997
4927 1580
3502 2969
3096 3284
2453 3436
2472 302
4189 342
3839 1896
2121 3404
3781 3954
2650 731
260 5212
2761 464
942 1993
3200 2652
316 3189
117 1748
4487 1271
4431 1961
2875 35
1613 34
4259 920
2169 3474
3418 486
2229 2327
1115 202
5124 2008
1004 2167
3563 1188
5152 1891
1316 4699
3533 1362
3419 50
5086 2310
1179 5100
4591 2856
4865 1432
1208 4018
249 3390
2721 5264
4284 1079
4288 644
3531 2921
2950 1355
3873 28
2166 1640
1737 2423
282 5040
3987 2801
1098 4476
4019 2593
1473 561
5284 3591
3415 4566
5438 2396
487 474
4979 1460
826 5347
2077 2242
1881 1398
2606 4166
3342 833
932 2337
2479 502
5413 3229
2226 1048
4475 2675
4853 1039
3739 3325
4031 453
5017 1176
59 1194
4791 2654
4387 269
2091 2917
1923 3555
3062 2597
1014 2894
3795 356
3715 1216
1431 3962
3784 690
4480 660
4327 4830
1585 249
28 441
5241 896
3353 4240
3074 1300
3205 3711
2907 2563
1759 2475
3446 3119
1096 4276
2871 5408
4318 4888
1157 1356
4319 2510
4845 601
2301 3214
5193 768
1967 20
5149 943
2089 2738
2161 3724
791 5083
3756 438
3893 2871
977 1914
5 4244
2705 157
5243 4096
145 1146
174 1127
5130 38
1656 4091
3933 3561
230 1766
2809 535
1208 1993
3366 4553
3043 4727
3261 4902
4618 3364
1835 573
3683 4672
4368 4487
4278 1576
2 1454
2891 1056
4475 3306
3573 500
2883 3450
1028 949
5015 5227
3312 715
2527 5376
805 2540
1149 5231
600 3476
1367 544
4635 540
1280 5091
2162 5403
2832 3547
2450 3950
1416 2645
4781 312
4605 2114
1561 278
647 1581
2287 4477
2350 1633
3153 4722
1836 1565
2804 2401
2348 5012
158 1040
1567 2795
4833 2867
400 1132
74 3838
2361 1045
942 4579
65 4061
1746 3166
1994 5115
4536 4591
1395 5082
194 1815
4668 4358
2816 3702
312 3208
4193 106
1313 2249
1474 2466
5388 2518
925 1809
4585 2630
4401 4412
846 5151
2428 5091
1835 4961
5265 225
5202 724
2904 4791
3699 5023
3298 1686
5000 5294
3487 2883
1623 4121
2685 2062
3370 1463
3509 192
5194 391
536 5000
2287 1229
4626 2322
2587 3563
1904 1875
458 3715
3913 2008
3741 5374
3739 5397
3992 2615
4957 3721
418 2810
1997 3271
3229 4018
2369 222
532 82
4208 4318
3090 1341
1724 3586
3110 5364
3552 3419
2999 5284
2633 2435
4731 2589
2083 3250
3436 206
44 3300
425 437
3146 623
1575 3505
2255 5096
4974 3201
3881 4812
1109 1971
552 2135
388 778
2789 123
1859 5092
2638 991
3768 2352
3108 2239
767 2501
3772 2839
3830 3267
3219 5188
670 1085
2064 2078
3136 3979
3728 578
4632 292
478 902
3455 876
3918 504
511 181
5053 98
4846 1389
986 2125
58 1861
1243 1207
2873 5413
3894 2688
2223 2977
336 2073
363 4213
884 3601
5211 365
3540 1101
3829 3065
642 3589
2134 1768
312 2706
97 3069
4803 3954
1298 1756
3879 2259
2221 3713
1179 3471
4036 1728
2396 4942
1148 133
3666 1195
1198 4982
1950 2423
927 2969
3181 838
5027 2393
1095 3853
338 4727
599 2850
4336 3550
3485 3049
887 4327
2987 3447
4045 536
1732 731
3046 520
3551 2651
1545 2550
898 3823
4583 692
375 442
2748 3408
1447 699
5301 1043
1517 187
2301 3873
2951 1265
3994 1549
481 2541
2351 438
1975 3658
168 1524
3710 5214
4635 1275
4693 886
4655 3096
4667 1448
4716 3652
2835 5373
2192 4421
3677 4622
4930 2943
1659 3473
521 3477
4068 5018
730 1944
5337 4048
4305 616
574 811
1567 2566
5394 1162
2682 898
1290 3261
709 972
4541 1352
1463 4708
4313 3620
1581 4508
221 158
4110 4425
2382 303
4350 400
5032 740
1641 3209
1931 1069
4221 2482
1229 4174
4114 4805
4203 2188
1380 186
3657 1126
4204 1003
4545 4460
3389 1138
3366 2708
3134 2062
273 2853
2442 5017
1108 4118
632 3245
2508 656
5159 5325
1408 750
3837 3824
4332 3912
5248 2223
2536 1031
1259 2162
4160 122
4521 2045
4874 3851
989 3942
4124 3934
4032 3627
3588 1910
5145 5328
4060 3411
4120 2175
361 411
1527 369
413 1154
2314 3881
1592 1643
5265 4896
959 1107
2907 3765
2585 5217
286 33
4193 167
3560 918
3775 2294
565 5348
2616 5245
1063 2307
4176 4710
4760 3660
3311 2897
4618 1982
3726 4566
1225 2118
3873 1527
2087 4789
3145 4072
4729 2038
2819 146
3935 2921
3339 3632
1439 3904
4858 3417
3129 5168
2544 186
3986 2259
2097 4892
4257 2981
488 806
4007 2151
2012 3998
3779 2241
5142 4538
5088 425
3391 5131
3591 3094
4220 2416
5081 2070
3510 106
3091 4746
2421 3584
1390 3611
4449 4542
1201 666
4322 2689
4720 1134
2084 1437
1822 3876
2672 1059
1236 4186
905 415
1319 969
3885 1057
2525 3400
4441 4769
3589 2259
2586 555
4007 2231
670 3129
3018 2745
845 4282
4868 5327
4403 1844
3223 3226
5009 4991
2980 1176
468 1901
3194 3408
5117 1590
3821 5237
1264 2734
1538 3251
3383 4080
2657 4907
4194 1291
2108 327
3304 4857
5155 3416
2041 2812
150 4160
146 330
5407 4718
901 4412
2528 5337
3086 2674
475 2505
980 1093
3906 811
3198 4422
2682 4362
612 4239
2135 103
3347 3831
2537 3656
5329 2134
4976 3307
1968 262
550 4947
509 3954
2749 481
2035 1160
2549 172
2029 2950
4100 2602
1282 3679
1717 5113
951 5442
915 27
4094 607
2206 1291
3523 2320
3969 1319
3567 5410
2871 1023
1226 2878
4792 4603
2805 3005
979 3641
516 3530
2012 254
5209 5265
3017 2693
1916 1215
4187 5134
590 1495
1690 310
2266 4548
4970 1725
3239 1974
1377 4946
4132 592
1166 4298
905 3701
2316 2173
4649 2740
446 1238
465 3552
1038 473
2172 2396
383 4236
3961 795
4630 729
283 3597
4109 4643
29 5394
754 5329
1307 4481
2657 815
4590 5052
941 1033
3791 1688
481 606
3597 2058
2897 2635
1743 2825
1866 2729
1253 4717
2249 884
2841 2704
4064 4346
3035 2031
4239 3885
3284 3907
4049 2213
2232 3449
1893 4193
3299 2188
3838 787
3160 5381
1107 1211
1254 4365
4304 937
3291 4940
598 1387
1999 2441
1640 4435
1561 1354
1261 287
5122 4813
613 400
1108 2307
4970 5400
2574 2077
2571 4866
3099 2348
211 4978
3565 2600
3500 4593
2031 4536
4752 3889
5411 883
3909 1503
2615 3433
2305 1476
2576 673
1394 4302
2888 3620
3548 810
199 724
1272 1184
4330 3881
4794 4049
2264 2761
5222 4987
2261 1972
1112 1726
3039 3273
4762 3921
4278 5388
4852 4999
4283 1613
4391 1281
1882 4186
1435 2960
2150 1624
5066 5203
4739 4355
5014 4976
829 1996
1571 5117
3531 1111
2528 2601
603 3328
1007 1258
3619 3822
3202 3470
3436 4329
3395 2209
4069 1124
15 648
2791 2137
4461 2774
989 5111
1634 2741
4805 4441
3246 3580
3415 594
2704 2065
889 1855
3200 2172
1539 4337
4575 5336
4476 2996
1564 4861
3355 650
428 632
4403 4881
593 5028
394 5270
999 1360
2327 1236
341 1144
3602 2578
660 3806
4276 1641
4682 1229
3261 497
3210 1796
3390 941
2043 3622
3553 3671
3594 2027
4705 3364
2203 4680
1439 327
779 1941
2229 303
5081 626
4773 2177
4494 3955
164 800
566 661
4861 3425
1231 4145
3289 3417
2115 2339
3170 4612
453 325
3423 2605
4772 2410
3826 3304
3620 4871
1887 14
1771 2906
3052 2775
2421 2289
3305 2206
