1000 4513
226 239 -966
741 343 -856
144 612 817
10 563 -465
711 685 7
123 239 -830
440 15 -592
926 128 659
240 517 -311
422 428 -50
810 209 -574
813 718 312
159 644 307
470 755 -843
479 621 -402
99 859 768
93 552 -865
996 947 563
724 915 -654
352 213 463
871 755 -901
915 840 -841
606 607 -688
487 77 543
997 200 -352
178 5 -275
61 142 208
377 958 -823
801 97 833
246 984 -186
81 29 -661
835 473 121
860 767 -769
502 630 545
693 870 -963
624 261 -310
840 6 -159
681 764 -628
751 423 68
722 374 -36
687 785 815
347 915 -476
590 859 876
333 736 592
327 854 -714
698 642 813
587 817 759
793 77 -81
982 886 114
758 768 2
220 501 -234
565 604 -601
450 546 927
777 912 -965
450 479 -984
842 386 278
39 697 772
232 308 389
434 325 -508
622 346 544
178 191 57
354 481 -980
853 873 -321
323 246 342
535 870 250
84 602 32
101 197 589
685 57 -429
516 966 -826
597 147 -226
546 792 -741
489 635 -373
444 309 758
236 733 298
381 351 821
152 129 -288
546 715 139
677 646 -412
867 658 -4
520 516 34
973 266 -815
162 694 2
961 239 -184
528 775 -407
189 343 -383
140 506 385
237 591 182
78 121 -788
834 672 -158
889 436 299
377 914 956
921 634 562
441 684 -888
635 578 -143
130 131 248
882 331 -501
975 237 -81
341 225 733
364 479 -240
546 301 -629
547 100 -24
599 977 704
113 511 -22
821 421 377
438 682 312
302 773 227
963 602 305
588 885 751
993 829 -398
343 793 677
764 446 795
434 151 -609
695 746 659
780 989 -533
741 382 -31
589 543 -382
197 16 -272
655 645 19
52 468 946
66 292 -153
137 948 813
53 319 -489
218 238 790
407 576 869
786 404 -166
18 215 304
717 1 -614
246 637 0
280 318 812
806 713 -961
986 812 43
905 980 562
11 255 -117
602 897 122
574 260 -213
894 131 -574
398 191 530
426 973 -765
675 18 -677
964 329 365
661 514 -915
910 809 37
396 37 -188
872 966 186
838 954 -305
446 634 647
13 861 191
695 457 -133
677 561 514
172 885 588
952 547 -756
989 469 601
300 548 -773
558 578 -638
61 439 419
329 68 -460
99 221 499
820 219 677
257 463 576
959 158 938
467 947 1
699 175 -795
790 836 -702
866 716 -752
408 119 -809
340 971 -579
833 94 64
208 592 398
36 740 -402
966 936 277
29 826 934
398 873 415
52 270 -199
351 710 17
548 129 627
918 759 -24
304 672 75
767 771 225
211 9 820
700 402 617
821 535 -700
242 548 -325
641 775 9
617 432 212
985 828 -758
40 861 -351
582 763 -670
440 174 215
402 473 -84
644 880 180
220 833 392
733 466 -153
404 902 269
953 816 -753
775 964 -390
702 315 -48
622 391 -496
523 954 144
481 205 -884
645 425 -717
537 936 -143
967 631 -916
317 372 -960
792 422 496
770 543 291
194 338 -774
338 286 75
627 789 -995
40 720 310
636 739 0
250 615 591
573 961 -183
66 424 269
68 664 -477
229 857 -13
685 760 337
3 817 -232
464 437 55
423 217 -74
467 709 719
273 697 -957
638 39 571
350 635 -174
456 470 998
529 792 -831
301 510 798
12 28 637
434 257 438
113 894 -922
42 683 -743
510 865 638
229 371 542
195 861 693
698 657 466
656 662 559
614 174 -864
491 482 314
654 98 24
834 126 802
510 917 -153
442 123 -613
632 948 946
808 249 77
496 720 -366
268 756 382
194 570 621
310 927 -925
341 184 48
798 858 -127
681 647 260
500 897 -61
657 124 83
875 277 931
376 658 -835
830 848 952
627 96 719
904 256 702
36 838 -608
351 48 -600
414 631 726
833 589 -792
937 385 -129
219 407 223
995 134 93
173 558 4
123 491 -552
453 308 997
443 906 251
458 253 394
638 346 741
258 33 -538
710 401 -727
7 520 -828
299 366 -651
378 403 -764
391 516 207
969 472 81
972 639 -379
186 29 43
13 226 -363
724 982 -810
771 974 840
635 627 876
707 198 -798
459 322 278
25 659 -83
495 681 -842
543 581 399
871 519 -736
558 292 -279
788 786 317
463 955 114
103 756 -367
836 659 664
357 527 -678
798 53 -657
382 298 -596
277 85 784
970 593 37
417 977 -826
553 27 -730
135 173 -549
767 773 -176
497 245 289
500 367 799
401 283 149
269 675 -678
754 954 572
195 956 -923
634 78 227
730 696 447
625 614 715
292 282 487
465 912 -607
479 820 -899
544 991 -303
662 676 128
389 252 574
764 282 -644
104 552 -725
856 826 -293
771 510 308
823 867 -893
354 111 -673
131 59 70
461 303 741
552 851 313
71 605 609
317 801 567
955 317 -294
930 125 106
803 167 175
287 189 -660
291 15 68
745 357 -413
656 184 -37
958 930 807
104 663 682
890 335 -436
935 950 -93
557 374 -632
543 12 903
849 381 -719
530 820 -938
894 583 -540
891 245 -487
96 509 481
102 891 391
748 844 -778
333 59 659
354 605 34
32 648 -833
206 623 -256
696 713 -7
569 86 751
737 938 635
19 786 -970
191 707 667
274 434 -340
714 777 373
182 10 -850
390 660 128
310 15 -222
393 578 -44
695 559 335
356 537 236
542 219 444
371 961 -806
222 131 -100
510 815 -996
89 186 428
86 40 820
91 285 -556
219 280 40
643 785 700
746 414 -573
5 554 3
745 728 -922
351 285 348
852 390 536
307 550 403
181 195 603
809 464 766
93 257 -118
795 943 867
687 445 189
876 479 488
309 246 -815
592 207 -502
499 125 314
381 75 -530
861 88 271
743 407 54
531 855 -148
446 788 -413
65 379 -585
848 530 588
889 879 693
802 473 2
697 24 252
918 688 989
837 814 59
686 470 925
681 614 560
377 194 -78
14 522 142
84 282 -384
117 374 -511
640 644 521
783 676 -298
213 610 -746
513 141 280
906 949 739
963 154 -510
459 452 -281
518 784 -233
238 375 -255
742 688 124
212 947 -695
311 34 -414
270 34 142
541 313 -785
207 826 472
457 665 701
580 312 -79
893 927 925
977 159 -520
600 400 115
270 123 98
710 553 56
796 46 -12
33 606 -203
456 845 835
714 700 302
82 982 257
802 871 -661
910 466 -976
169 705 318
770 858 -257
985 171 -297
569 776 943
796 343 726
512 437 -775
817 611 -134
859 751 906
490 313 -712
991 967 -905
823 83 427
115 917 -990
18 740 182
505 842 -381
683 660 283
974 687 -39
690 162 797
730 344 -241
803 313 -805
521 84 187
214 700 -243
134 349 -756
96 91 -304
329 230 82
586 906 689
618 857 453
682 745 340
709 101 -506
379 214 209
508 191 -402
411 839 -152
635 907 370
963 250 -893
411 80 231
747 259 164
197 482 601
979 925 249
154 156 -396
264 865 615
312 928 -704
141 595 -109
795 696 435
738 496 -790
638 331 -510
486 604 -267
10 475 5
901 541 959
861 485 -335
247 677 755
946 50 -203
515 626 435
867 735 -255
694 514 -124
602 122 -743
323 692 167
295 183 -908
68 698 479
685 285 415
976 671 609
555 458 -469
105 6 -719
113 57 179
547 974 -183
194 596 -275
970 992 265
822 805 86
962 987 45
180 119 450
869 470 -198
387 889 573
559 241 -552
103 119 984
928 817 983
789 514 -264
800 879 -183
41 835 255
713 607 -778
246 265 943
809 597 385
849 744 737
380 762 881
809 648 -678
267 207 -418
479 116 -61
394 166 -27
973 501 -485
678 345 -860
253 314 694
324 370 901
766 323 -684
834 331 -462
685 317 -248
82 651 -917
341 656 -338
374 418 131
92 263 746
16 536 -171
143 513 38
619 269 -553
338 411 -344
160 844 468
952 917 597
203 851 -637
765 157 -811
291 404 377
852 443 -275
68 960 -158
916 731 -771
408 421 775
144 422 -680
391 483 451
994 670 496
661 143 -133
600 408 -863
514 925 -967
742 193 -815
845 893 -817
477 574 201
22 607 783
313 128 -61
379 959 -479
377 336 290
300 990 -134
162 327 -714
885 570 644
481 587 -716
139 620 128
731 545 -238
990 482 423
438 679 -438
661 52 -231
124 23 120
663 827 -699
915 82 509
654 810 766
602 495 -454
988 731 299
455 513 442
786 307 550
621 265 872
205 641 -781
900 354 215
879 642 -663
885 830 777
743 860 -557
39 57 -519
617 24 -806
793 816 596
304 814 340
653 126 -853
309 570 -729
113 169 869
573 718 -260
402 984 409
604 726 -300
815 87 526
687 489 -95
277 70 -365
76 776 433
782 376 428
460 53 296
139 179 833
813 556 -1000
494 617 531
778 416 969
892 575 -756
249 176 597
238 752 428
601 847 134
994 961 -434
220 304 -492
603 3 -8
663 402 504
108 691 -112
580 921 -137
344 88 -247
36 556 266
63 179 656
370 353 714
186 875 320
519 187 -821
347 50 562
252 825 557
36 326 -473
647 447 750
897 824 484
186 234 -463
620 321 555
503 496 -930
472 476 -313
171 507 236
324 703 -957
962 345 270
973 176 -194
910 674 463
347 278 640
83 692 -125
408 120 311
278 79 -990
438 439 265
379 693 765
377 836 137
372 786 649
963 670 -184
539 756 -99
179 338 625
883 286 -342
172 297 -702
812 320 272
605 230 206
362 293 209
393 470 -696
369 913 -189
261 752 -985
651 783 -196
186 980 -886
138 829 790
303 479 -411
808 144 -429
599 563 -190
525 64 6
614 808 -34
902 843 -166
576 928 689
582 813 -131
709 831 -106
265 820 -547
170 991 -179
110 323 -342
321 422 -374
115 53 668
690 164 -445
76 175 286
340 663 -178
956 350 -545
188 184 -987
873 179 953
175 816 -172
629 589 -352
938 156 121
761 101 838
461 796 -447
166 876 262
175 575 -752
247 248 50
195 650 926
570 361 -76
274 166 145
466 85 -295
220 584 -716
468 122 -71
143 773 798
198 478 -896
353 91 322
158 942 -761
254 146 64
36 649 -553
661 787 902
287 424 793
786 945 -435
979 66 795
640 443 -671
55 227 321
372 993 473
311 50 -592
425 299 -308
618 917 -671
612 898 -375
193 52 370
19 390 522
551 719 -661
81 83 -562
419 791 723
748 969 -231
247 777 -790
619 127 -552
872 696 -441
583 967 -198
996 355 341
61 345 844
189 449 614
702 953 -626
90 762 536
292 799 609
414 521 -302
104 449 30
116 879 621
764 212 -453
543 75 486
76 682 -76
657 636 -563
572 156 -461
974 77 -835
830 220 -532
474 552 -486
655 60 549
623 538 -464
506 938 692
956 951 -604
227 773 -524
415 269 328
808 900 -58
60 562 579
3 892 586
489 790 764
341 513 803
120 438 -231
650 152 101
154 35 -396
897 593 -678
63 733 188
829 562 -201
184 595 -263
538 164 546
267 314 -930
449 697 566
656 177 -88
608 253 -336
718 466 93
853 967 -563
924 9 876
283 947 972
996 779 656
147 124 -486
350 871 -174
437 559 717
596 898 -644
247 443 -269
778 846 850
164 212 88
336 627 -921
962 437 -839
229 336 -885
297 508 -407
62 321 -245
813 445 -577
683 116 -960
677 69 -327
811 583 -25
566 807 592
726 666 -94
745 190 591
352 546 366
173 981 -653
951 579 729
968 191 -931
566 485 -512
739 89 352
657 945 -523
739 945 725
860 405 910
656 198 409
518 742 -116
295 765 131
46 284 582
450 867 -126
427 107 231
370 439 996
807 888 803
677 558 473
689 697 -518
395 562 912
146 433 505
384 756 -693
970 191 300
291 350 -299
412 706 997
200 412 211
259 708 50
682 262 -302
651 174 -599
193 426 341
235 102 -795
283 500 -868
133 807 566
522 758 151
574 676 -519
964 309 493
298 845 -121
425 610 59
172 791 286
209 817 -940
368 464 441
760 781 561
739 456 -459
110 773 -572
250 574 -572
114 843 -677
311 515 902
701 825 -172
331 944 94
985 614 -924
910 142 952
285 725 -165
872 83 -483
646 554 230
710 432 543
865 985 -173
459 610 -208
967 908 271
859 205 -253
576 116 -172
478 208 553
296 975 846
43 121 -512
360 336 -33
139 433 87
546 381 -735
494 799 415
334 177 754
149 961 -683
965 558 7
322 106 28
856 661 -980
699 820 401
593 611 900
453 546 -863
357 223 760
246 709 734
476 712 4
746 753 -70
752 701 -190
703 797 698
673 574 -821
487 125 -952
91 859 617
332 29 -398
695 921 42
554 95 32
939 332 -508
54 789 -600
558 391 -12
270 760 398
663 743 -359
860 391 -51
182 746 410
980 434 154
54 130 433
973 764 -275
367 88 -591
829 810 263
103 730 -42
707 409 -685
795 816 -541
97 419 -329
134 268 618
491 783 -160
768 127 950
148 34 711
755 851 -157
277 715 -324
751 25 -175
387 635 -426
171 527 -320
615 536 30
610 125 -985
633 604 373
760 500 507
938 127 -120
266 973 872
453 275 724
649 8 -1000
784 708 362
726 485 636
264 89 -649
445 625 -630
633 799 -937
424 863 -326
264 482 -983
437 215 -593
538 925 743
679 542 116
561 134 -300
970 348 -412
98 996 250
440 30 298
371 415 458
486 446 565
523 642 981
697 186 194
262 578 -460
492 963 -761
509 706 189
912 535 544
888 442 -714
473 596 -69
874 441 -805
369 788 796
269 523 -903
591 604 382
983 142 -51
76 835 -172
195 835 -498
288 772 740
894 36 -852
24 701 207
934 226 847
259 639 477
828 212 -266
311 915 -446
119 563 843
533 294 -427
227 787 432
876 960 -124
461 595 -244
453 488 -481
394 189 -843
510 561 -407
881 927 -59
491 732 130
72 356 -272
179 662 -719
155 196 396
471 565 -462
578 747 -920
77 259 -195
580 931 -900
130 267 -585
356 62 -118
992 356 392
675 75 539
413 900 419
637 363 -609
445 397 -391
386 159 -538
589 437 498
374 481 185
667 416 -80
242 831 -458
55 415 531
339 422 -215
78 84 248
417 40 322
622 790 203
673 747 -821
789 908 -173
791 186 -188
706 758 -866
295 690 706
880 872 -471
817 398 -483
939 225 -311
362 494 -501
668 870 822
105 665 171
296 878 -326
97 612 -356
90 999 158
717 489 763
510 776 314
787 265 -401
305 748 348
446 895 690
648 809 -583
35 237 -121
297 939 953
147 782 580
849 934 -950
990 137 876
317 580 812
461 402 -999
732 330 -86
800 747 -319
698 718 729
221 38 -42
812 394 560
828 29 -840
337 724 694
47 405 146
525 843 4
353 568 -740
446 501 -910
149 922 387
544 982 491
678 924 274
358 402 -526
818 114 -244
59 303 -146
128 947 -110
732 694 132
559 953 897
739 324 -383
4 283 223
608 804 -459
690 885 -665
361 396 -622
343 37 900
571 703 -733
8 818 -945
159 413 961
869 690 -820
308 910 490
489 90 -663
577 809 -263
838 698 -849
21 984 662
851 616 970
45 193 -677
911 726 -672
796 625 19
985 841 488
326 79 -105
981 503 483
952 576 507
476 474 652
831 83 138
107 356 -57
776 90 128
836 410 722
145 901 499
147 524 668
187 979 -312
878 846 556
522 968 235
505 303 -771
985 728 946
828 862 -925
656 25 346
854 242 -252
417 205 400
579 530 551
662 642 370
841 817 -195
718 266 904
171 124 -367
10 650 -980
993 162 405
189 190 445
505 532 -391
416 962 761
187 433 -240
858 183 -936
723 836 -215
625 599 -157
854 33 689
833 59 325
728 114 -916
835 369 298
544 23 -108
533 611 -843
85 425 549
695 744 -314
517 739 267
725 798 -536
627 283 720
951 438 -294
981 954 394
889 496 776
112 746 46
643 557 326
873 20 -622
919 869 314
506 408 460
55 737 241
443 269 12
26 200 317
726 841 -861
819 929 211
154 662 371
323 120 359
426 275 -563
320 720 202
624 562 -890
982 481 301
543 425 -383
259 729 -393
216 144 770
136 483 51
62 794 509
89 110 -343
586 188 677
863 874 396
32 292 -589
734 197 200
558 497 618
789 997 -525
529 775 958
539 817 58
934 51 399
464 377 -272
576 877 -546
287 369 -428
933 377 367
433 324 -369
822 567 194
900 431 -297
605 180 731
938 288 -377
29 712 428
508 89 -852
355 854 890
2 782 832
51 896 -857
441 771 857
823 434 858
686 79 728
172 525 695
750 16 -675
768 181 597
63 53 623
885 78 -783
10 840 998
266 484 247
407 515 -232
208 297 -158
852 427 23
939 631 646
261 281 -230
454 616 -205
316 216 -59
129 836 852
561 970 -853
915 331 -260
91 880 -953
956 32 658
163 25 -66
253 961 833
811 652 -240
230 549 673
790 830 -471
500 968 -228
456 590 -100
6 661 827
51 980 869
218 882 781
996 90 881
860 719 -79
438 164 991
989 592 630
790 179 701
292 224 550
263 445 795
168 248 205
282 136 -516
879 33 716
317 991 909
607 34 592
520 795 -316
270 32 -121
6 720 548
352 373 809
275 842 -398
44 395 -836
891 447 287
600 551 -185
855 457 821
267 832 642
611 387 -839
507 268 -680
391 691 -488
50 669 385
469 444 95
659 800 173
104 326 -434
207 640 478
205 433 -348
343 642 352
129 266 567
720 487 -817
39 917 -420
496 871 995
646 737 -71
737 208 -563
658 539 -569
261 1000 230
83 643 -620
9 348 -226
232 273 -212
260 975 -7
680 740 108
478 488 365
730 510 -874
196 897 467
477 192 110
392 530 19
344 422 -265
500 137 713
261 46 -882
170 401 336
425 79 330
940 603 -620
253 499 -7
512 673 302
318 114 31
363 817 975
633 203 -583
72 664 -974
784 271 290
499 358 -936
787 557 -513
959 498 -431
326 58 -916
833 284 -535
562 939 -471
720 645 -519
590 832 -227
437 96 833
541 122 157
557 197 -378
39 85 559
133 147 -645
832 350 -567
589 826 -406
117 326 -589
36 165 201
126 598 466
643 597 696
671 662 -230
486 441 -19
606 445 870
799 271 -571
931 894 -623
11 773 -87
427 92 -56
80 450 922
352 774 257
740 877 -862
463 921 898
14 962 -161
644 408 -856
873 315 -504
353 282 -994
370 360 -675
811 176 -989
756 281 -247
71 190 -874
194 784 775
303 439 -932
549 671 417
251 258 -818
641 996 -571
70 647 -689
818 749 -257
161 163 -872
734 130 -819
570 830 -500
932 143 481
609 217 -763
198 17 235
623 963 510
650 225 764
114 393 -999
312 317 -644
341 107 755
99 418 -535
340 107 -229
164 852 625
272 306 -703
532 847 -411
720 315 439
353 22 217
704 485 253
264 730 201
205 620 803
907 90 479
416 610 868
596 697 -949
487 201 -30
52 28 -414
185 499 332
374 848 261
423 91 -550
679 540 -162
102 840 -534
977 674 286
471 669 500
576 196 -46
54 813 -275
201 324 646
275 284 322
906 72 884
884 446 556
578 343 -37
249 821 809
642 318 -210
817 570 732
842 162 47
614 747 69
812 15 867
303 326 22
57 384 985
335 392 -735
718 493 -915
34 848 714
826 555 329
910 749 -302
334 737 510
8 983 -211
735 277 -953
257 803 -870
241 314 -637
608 470 -103
571 347 453
591 271 666
636 59 -343
830 950 -436
889 488 720
544 271 864
904 680 380
639 291 -633
586 29 563
430 410 346
185 902 163
326 409 138
957 84 -909
963 985 -350
278 931 696
642 708 892
453 614 -258
994 207 880
25 210 381
728 605 189
298 923 -383
866 393 -107
492 559 -219
415 119 587
415 493 -155
88 955 -449
954 497 -918
655 403 184
186 567 365
1000 256 -325
934 117 -385
840 909 -907
725 927 -171
530 188 993
757 882 -902
667 357 18
283 833 133
210 998 321
618 995 -175
702 159 636
726 870 -978
508 577 466
755 571 -841
732 707 420
231 865 70
207 158 214
761 11 -125
164 592 -233
504 197 -84
662 250 827
718 961 53
881 113 -627
959 678 658
878 823 685
253 211 -298
933 700 905
570 814 -222
940 674 -298
553 495 -910
284 736 -915
395 463 113
119 873 15
853 447 929
588 593 -493
10 194 126
701 993 -142
61 681 -994
883 224 87
351 382 259
850 5 190
703 184 -692
615 471 194
9 120 -489
682 528 98
605 301 732
152 108 -419
341 84 -172
171 721 446
465 277 -955
734 234 246
381 405 -530
778 121 -494
408 556 -94
376 113 -149
20 343 872
175 324 587
162 863 -916
309 14 330
795 48 -105
326 527 -71
917 725 -914
691 101 132
255 622 -563
182 890 292
982 16 -345
466 854 890
917 457 157
820 775 532
126 525 -338
353 546 -825
250 993 -421
116 470 -650
363 527 367
508 317 -734
40 204 781
142 696 -505
399 357 -4
713 773 -398
910 512 -856
463 720 153
796 840 85
941 876 298
355 628 -984
402 189 -103
940 782 -7
146 274 286
816 704 -428
376 309 -412
441 566 -441
916 220 713
470 449 485
510 898 335
321 24 692
893 279 -155
477 204 -718
647 659 -101
883 112 -436
369 485 -916
546 15 -778
879 354 -422
675 307 496
394 284 -1000
578 759 868
125 388 846
308 936 738
943 285 -637
589 421 -635
385 670 132
944 11 -219
12 174 -900
775 738 736
14 685 325
934 574 284
834 881 150
668 391 142
328 609 -776
293 57 -317
681 563 90
706 62 972
873 159 715
180 454 948
350 502 -675
952 889 -876
15 608 -175
534 867 -290
849 244 -278
526 731 -155
611 899 -534
422 16 -967
53 574 -811
380 399 401
935 936 43
791 962 -243
523 714 694
292 108 729
994 721 -42
447 825 -432
592 820 -338
756 33 -204
989 93 -263
961 889 -57
665 544 -748
741 731 -677
168 345 312
868 526 840
55 244 873
28 318 276
929 720 102
769 425 898
985 455 633
930 111 -160
719 865 -876
306 279 209
267 520 -107
681 519 50
660 616 685
531 656 -643
691 19 787
541 580 -777
521 359 -323
762 424 -150
861 676 -156
798 662 297
573 245 -574
476 823 -190
501 614 -690
704 652 -450
767 178 -699
335 579 -562
272 856 116
486 586 760
266 539 -782
684 143 -551
850 108 554
719 957 -674
571 399 508
784 761 -375
178 756 892
956 140 935
638 255 -591
438 960 803
493 408 -785
517 142 -636
953 228 625
22 604 -715
362 203 -659
782 610 851
321 927 117
933 620 471
581 107 -541
761 914 43
634 12 284
141 428 -235
918 998 -47
869 231 -712
218 58 -348
39 695 37
279 284 -537
550 254 442
227 93 139
252 170 -279
442 430 -537
186 298 -595
789 39 575
614 825 276
288 875 -754
172 469 -552
862 613 6
812 508 -745
236 877 838
352 270 -732
943 368 -993
884 522 521
316 105 -454
274 379 -28
952 6 -474
680 641 -304
443 277 -517
63 723 419
135 88 918
482 420 -435
552 491 304
773 502 -707
893 858 333
468 537 709
775 120 -134
941 405 -876
77 475 -643
331 657 591
933 340 688
107 729 933
336 949 -348
86 815 -301
656 409 105
133 736 -314
84 196 -462
672 940 988
2 823 573
5 653 -913
626 358 965
400 897 145
513 554 424
313 253 312
651 806 -44
853 559 -348
161 44 -245
682 239 117
142 121 797
778 493 -715
97 303 715
267 20 109
867 689 401
932 584 -590
235 466 612
139 194 -107
156 82 17
96 825 -751
82 164 127
213 23 -883
561 836 716
648 726 854
870 713 -481
13 652 -362
235 623 253
883 399 327
342 46 521
194 205 220
254 766 -571
221 228 505
241 402 773
515 274 239
888 331 622
380 30 -227
271 539 907
603 629 -812
29 930 -769
450 1000 -250
610 425 724
259 927 -642
11 987 -633
341 698 -471
945 42 368
895 775 -26
336 199 -842
308 837 900
915 766 -240
276 232 -995
952 800 -426
580 653 689
133 466 252
646 113 -681
744 14 521
926 411 -50
28 629 920
909 420 -904
532 673 -136
190 435 311
5 462 -284
627 369 -481
135 673 938
221 315 752
309 404 -72
171 13 837
352 557 -492
198 620 -910
287 155 -882
62 817 -552
430 815 -221
814 513 219
556 861 374
107 159 -948
962 775 -110
698 757 -701
703 566 -814
283 25 -44
399 453 -861
776 472 967
624 802 948
550 581 -365
429 131 -400
294 95 -857
985 241 -23
298 439 389
649 793 -145
119 525 -87
41 860 -749
515 853 -335
903 379 -880
297 453 991
770 960 578
389 446 278
924 704 371
820 304 619
56 809 -302
778 107 -887
741 188 549
967 325 153
977 965 337
845 90 -252
806 492 -628
587 942 -918
739 633 -222
354 627 -331
116 451 -125
298 565 436
1 748 -705
194 43 -279
316 266 870
90 419 -946
165 931 -621
48 916 772
269 85 -890
690 856 -69
838 737 -662
875 210 -924
817 180 -820
790 787 649
734 126 511
478 416 108
969 324 836
539 556 77
441 995 278
373 111 778
107 341 580
777 117 -922
33 560 417
538 492 332
309 398 968
581 990 859
813 205 646
243 618 861
43 468 -900
371 243 637
895 473 -396
354 721 298
598 136 358
236 899 -198
294 974 -315
514 378 310
4 272 -53
142 308 -558
429 332 278
456 90 -475
917 574 145
477 405 -188
791 526 661
890 170 791
331 500 -967
288 659 -139
240 897 607
114 462 210
269 328 368
418 847 464
111 147 -611
597 839 -783
125 971 135
986 623 681
75 955 -72
551 110 291
411 282 692
381 574 -614
977 881 571
246 219 53
293 379 868
986 861 307
667 450 -700
809 372 -669
813 559 -778
340 551 947
299 531 -5
145 11 214
773 818 -253
491 944 -769
404 743 -406
252 234 -796
259 481 -488
235 247 -36
741 40 43
706 301 611
389 339 -542
866 412 -513
812 840 -41
804 253 -621
334 21 636
185 199 605
159 946 -327
869 172 965
734 840 246
699 732 -69
311 699 909
538 779 688
650 657 -466
206 390 161
924 760 48
765 364 971
955 733 -272
677 401 789
40 490 -266
619 133 -935
24 143 -389
436 228 -712
664 879 -779
146 901 602
202 482 -24
73 587 34
165 648 -279
42 628 -642
184 47 -518
463 118 547
202 524 300
510 750 -957
956 30 -865
915 443 -433
512 533 -801
47 323 236
909 104 -197
233 780 -328
557 919 521
734 490 60
495 824 870
306 394 976
950 239 -189
116 208 335
378 600 -178
872 305 -141
506 574 388
436 563 -901
704 537 -463
983 210 733
720 752 -334
563 570 212
817 430 448
661 437 277
260 487 813
365 177 -978
551 373 -892
233 267 651
824 802 -903
360 815 468
612 613 214
958 388 -721
412 945 -727
945 543 82
615 57 -753
836 170 187
244 725 814
475 852 -256
501 833 -189
686 56 774
771 803 -233
409 728 805
503 786 -654
59 720 153
142 231 801
215 863 -607
795 529 -424
960 348 -475
151 104 -698
128 912 -719
839 288 -316
185 225 390
105 959 -232
136 250 694
96 240 -500
953 242 489
829 556 568
453 857 384
824 619 837
172 549 -44
896 524 -550
914 696 799
384 334 -911
630 200 111
889 761 -384
654 406 344
827 291 -786
409 684 792
302 50 762
776 618 -792
421 477 480
729 209 947
204 806 -296
508 339 744
759 727 -39
630 980 468
325 959 -207
326 691 -681
318 16 -951
17 874 -515
182 290 -439
84 977 161
885 476 493
112 449 -733
485 361 137
274 158 -182
52 617 -501
528 226 398
985 251 -287
3 345 -527
278 924 553
838 622 -968
406 638 49
748 995 666
610 500 752
319 165 221
73 821 942
274 831 52
328 670 -992
715 251 19
314 791 655
517 65 779
997 518 763
437 371 -817
451 367 -500
328 163 -816
50 515 920
983 282 -170
92 565 -422
686 107 457
288 449 989
821 948 -998
198 517 734
319 3 952
32 157 598
204 797 672
30 601 -278
805 27 -554
760 154 -217
442 240 -154
616 611 617
428 905 -238
429 963 774
230 214 114
165 460 -408
654 247 620
936 687 -698
304 811 -227
780 78 -698
556 730 391
904 645 -624
389 357 -575
378 507 82
905 264 50
805 374 -566
187 447 -455
817 111 -703
549 576 -43
118 99 333
67 898 -297
246 321 826
857 929 770
302 24 -492
55 992 -719
458 914 198
89 593 -373
337 466 -731
48 762 -682
251 238 38
172 871 -249
423 268 4
135 740 -982
52 640 -181
224 227 -870
798 452 -602
777 756 -228
126 440 39
915 223 -339
640 609 -41
130 802 382
791 167 -80
879 815 337
510 317 678
612 706 49
752 123 211
889 646 271
117 820 -6
116 423 -131
924 840 -43
895 885 -761
242 910 -650
454 908 -457
846 206 7
906 901 491
120 400 -234
882 478 -128
713 698 -689
278 782 -256
130 656 -710
386 643 -601
884 490 -837
997 154 608
58 654 -343
181 581 291
472 841 -166
984 850 -688
330 757 212
647 388 -913
587 90 -97
290 742 51
394 718 152
805 24 418
599 303 416
164 976 3
626 437 546
358 216 590
651 812 493
200 240 -194
899 445 -739
156 951 -906
664 497 282
524 391 826
25 273 -537
465 182 -881
808 298 -175
421 457 629
117 855 -378
682 570 86
498 52 -799
203 926 790
888 186 211
198 233 -612
602 13 -451
822 516 573
1 630 481
134 725 -910
686 183 1
630 855 -674
527 931 479
529 907 -166
376 317 -751
695 442 -762
238 791 -545
326 475 -782
667 214 -993
453 970 161
492 71 999
321 920 352
687 342 -185
596 1000 -298
492 488 241
875 235 -60
115 620 -262
538 322 392
228 934 912
493 985 638
365 862 125
600 567 -853
499 118 -860
634 833 -281
141 661 -987
776 273 -592
940 104 -87
992 718 -543
187 29 32
917 161 83
544 446 -146
90 278 349
430 450 522
799 589 -20
3 748 179
143 411 -911
635 211 913
859 283 273
915 4 867
39 221 615
591 264 843
233 383 789
425 841 40
513 54 116
628 820 -902
52 846 -199
975 710 -675
309 190 -903
340 620 567
623 523 -329
629 203 -92
550 589 691
970 85 685
741 421 47
685 526 579
529 944 770
406 603 305
384 812 -923
829 669 643
240 136 -370
413 566 64
318 641 -810
767 553 -262
143 91 679
581 756 -582
986 895 -133
532 705 -942
752 34 -443
844 675 990
435 184 -663
376 894 -570
614 249 519
323 978 -772
519 346 -811
558 598 838
534 172 -331
702 749 -523
891 510 -123
584 954 -923
975 864 774
22 904 -922
745 223 -316
241 750 7
289 657 -935
628 819 990
70 784 -248
322 56 194
237 570 597
919 540 -402
771 929 -627
713 553 486
429 219 304
27 85 -839
777 169 -925
193 45 -257
783 428 -618
925 986 164
609 163 845
167 469 -724
75 16 350
822 460 241
479 211 878
286 384 -768
596 201 -608
236 45 -400
922 598 -995
504 875 -283
322 233 -317
394 224 -941
614 590 -565
130 700 526
351 142 -587
15 26 875
615 367 -360
55 993 -418
679 405 -525
589 493 365
491 530 2
518 540 -100
287 630 32
304 556 386
932 7 50
626 380 360
238 492 583
357 966 945
772 129 -986
641 642 -858
443 614 572
121 176 -699
364 372 816
314 654 -161
926 431 895
693 511 -659
121 51 -349
137 13 -516
567 947 -751
15 452 -495
880 620 592
875 684 260
743 194 -794
154 145 -74
499 256 -356
104 857 -911
870 265 -306
71 541 885
674 942 -854
185 126 -615
197 697 -804
844 509 -549
405 61 -237
94 807 -701
803 722 722
497 667 -482
727 347 801
959 570 -89
412 937 987
532 776 -939
749 993 -338
793 75 -98
847 255 748
225 304 -552
497 333 -676
417 491 137
689 405 970
774 348 -787
654 453 21
323 20 607
427 215 638
679 900 336
450 323 769
806 590 -42
423 178 875
435 930 -682
828 224 946
166 661 825
320 377 387
470 843 -888
16 583 -139
926 976 -884
469 425 -553
87 204 -412
553 700 683
279 540 39
479 409 903
43 640 419
259 239 435
98 864 50
129 113 -635
959 285 -381
38 912 -827
875 428 -325
516 147 717
530 212 698
333 653 -273
270 823 871
71 253 322
205 870 -981
609 394 -883
444 355 77
668 67 -844
415 549 222
434 670 82
560 795 152
313 747 812
511 189 -246
234 599 -932
891 426 -215
920 622 488
836 814 -730
610 575 246
259 941 216
465 595 482
862 882 -640
556 617 324
100 677 345
196 210 -347
134 577 760
988 350 -346
390 247 -159
198 843 -149
216 99 -787
800 546 793
805 407 -924
717 585 -162
109 748 693
689 871 -747
791 642 -314
206 632 281
958 206 454
213 993 70
615 198 591
498 505 -507
474 227 645
469 18 -763
672 433 -75
20 341 -133
833 872 -312
609 920 -66
23 627 372
352 64 470
346 921 393
667 196 -336
55 115 -292
441 199 -892
263 38 534
196 723 76
856 388 358
289 909 19
394 981 408
220 140 550
581 733 379
538 709 -914
962 492 -182
91 357 -86
748 25 -658
673 548 230
846 705 165
852 122 -631
201 216 425
498 789 -501
652 648 199
739 441 580
427 434 -877
928 107 -794
490 726 601
752 389 889
643 836 970
785 968 432
143 207 693
744 290 -942
273 66 -705
438 583 -27
668 511 16
840 593 863
485 641 259
330 607 -814
177 943 792
662 581 -780
538 182 -698
917 922 135
44 486 -534
199 707 720
106 81 -803
638 698 626
307 4 806
743 671 384
349 804 -874
97 191 90
239 581 47
892 324 -179
859 843 -82
243 65 850
788 131 -9
584 388 -22
697 194 -196
550 318 613
193 480 400
830 213 800
184 222 523
892 510 515
852 350 -406
877 671 833
993 70 -399
936 219 569
752 725 -899
997 764 452
97 237 446
882 451 457
777 596 596
496 32 526
176 245 -315
273 711 640
842 324 803
915 433 -387
556 171 117
693 361 881
415 561 -656
758 741 -811
770 208 478
211 314 -744
341 590 -378
397 28 -701
534 67 414
832 569 -26
581 665 -707
320 184 -512
244 573 185
302 78 -449
632 654 116
642 730 286
217 844 -162
16 118 -944
560 734 927
393 337 -57
903 320 574
511 622 -968
110 881 -728
825 890 -782
759 381 -449
124 583 377
896 76 -71
111 496 128
694 133 -826
87 670 -630
538 55 946
236 925 -829
131 157 251
531 238 -598
298 728 -867
246 803 -672
709 588 -225
572 826 359
773 307 -447
27 755 918
408 256 144
549 947 -95
874 508 43
936 256 -294
403 261 -355
114 732 -603
343 351 925
923 947 309
731 865 741
738 778 216
432 774 968
185 19 335
735 292 659
790 38 611
951 48 -879
970 884 -8
53 355 859
295 826 -427
372 1 -932
545 583 862
689 235 867
458 501 -91
702 395 -660
284 475 -800
285 995 -904
194 673 516
71 165 788
646 736 113
629 85 -535
615 179 813
850 628 249
460 657 911
382 594 641
424 765 -196
500 905 438
172 999 235
738 18 944
808 659 -975
460 926 -118
528 756 362
927 925 -775
845 602 -326
882 493 -155
844 432 453
777 790 -443
169 482 590
245 983 905
829 959 875
838 352 110
24 854 -271
457 410 -745
934 354 978
141 573 -181
673 502 980
34 167 714
442 34 919
650 828 583
291 720 -714
163 932 -328
125 442 -967
310 924 -870
285 931 511
676 712 -473
243 531 -252
293 745 -471
205 3 26
313 809 880
525 181 -9
376 756 -490
473 544 -16
669 140 -908
897 701 -31
733 493 125
341 768 -647
307 873 -671
776 617 -166
192 486 742
1 760 838
366 10 -86
450 860 -589
257 609 -60
532 333 295
678 175 -514
833 177 -50
966 272 453
446 726 201
876 142 56
117 369 -304
519 632 964
152 267 -397
246 645 776
487 253 154
162 70 705
788 705 -386
603 367 993
441 976 -422
871 219 834
761 523 -240
858 506 319
88 405 717
605 889 254
30 671 -925
957 825 6
591 515 631
523 201 -428
68 976 -823
231 131 -609
706 309 941
226 667 959
394 383 -22
139 533 -847
7 497 -584
282 133 63
72 70 829
836 675 461
35 278 743
15 66 468
279 906 -79
640 266 -96
965 754 644
480 513 -187
558 400 505
165 224 -713
895 447 947
309 684 -671
610 984 -605
539 594 785
765 587 252
532 75 996
501 543 -422
598 145 401
986 799 -93
392 236 574
468 916 -27
466 654 -6
484 680 377
513 177 712
934 973 -227
692 852 -420
651 890 679
446 690 -840
603 31 599
582 223 42
249 26 -275
475 604 -869
535 99 409
64 326 175
96 484 -612
786 350 -645
117 630 21
95 331 336
794 474 -45
508 783 -559
154 579 -858
329 971 693
347 831 -148
350 128 506
988 960 608
418 523 119
85 46 -735
22 806 175
837 631 373
488 785 -904
422 611 -848
620 84 -26
371 137 -759
431 403 120
691 216 661
147 431 297
19 633 -12
457 509 -831
29 948 929
1 833 623
568 411 721
804 520 -688
367 775 214
583 906 -782
768 570 -676
814 28 -638
634 714 -49
58 715 88
296 914 350
380 487 -530
267 368 300
128 656 -120
539 423 -23
203 414 -863
550 591 -676
496 842 302
492 622 -130
716 754 -378
13 176 -237
572 366 -574
14 770 -843
9 965 827
189 262 -468
215 425 18
763 378 -241
413 283 832
501 22 269
357 590 433
912 326 656
185 906 -771
544 219 765
504 377 -112
533 141 403
104 763 116
595 966 -743
498 180 915
213 413 267
525 666 -166
582 900 -165
707 648 -173
492 233 -366
130 573 -652
56 137 -181
731 711 793
588 971 658
595 803 -824
661 867 260
514 859 -592
314 566 -406
999 438 844
7 998 -423
834 757 -855
992 31 -379
52 528 697
990 383 896
307 118 34
904 110 -717
317 834 790
819 429 -534
874 1 -392
234 925 402
305 140 470
353 176 122
527 96 -387
237 488 -320
458 671 752
117 375 -805
323 70 -854
268 939 618
759 274 -449
427 925 142
790 19 35
873 786 552
326 697 190
791 760 -237
127 847 -867
784 71 -768
945 441 113
804 142 -37
345 748 -476
991 729 -424
336 646 -941
753 744 -151
44 115 -646
590 426 -721
995 655 -539
213 602 212
213 259 283
691 9 -443
916 235 81
245 132 353
805 756 501
716 1000 -763
969 978 -304
926 268 424
688 619 -898
981 923 -106
643 588 -835
764 896 169
277 585 -469
467 108 800
560 912 -85
488 370 -790
954 297 -23
220 411 -739
810 968 -831
971 597 809
557 905 216
698 917 572
186 60 -307
436 424 -294
316 156 -124
817 249 -187
668 938 -74
743 391 -32
205 69 64
923 795 717
349 292 7
757 832 362
656 328 590
570 791 -363
476 53 332
75 245 632
800 125 -70
11 246 -156
375 783 -241
231 737 -973
451 390 -131
799 992 -400
696 98 558
474 887 -319
62 41 474
316 993 -445
999 732 14
614 156 171
154 784 671
5 53 536
668 439 184
164 693 -390
315 407 250
872 253 -337
776 308 863
545 119 -983
814 83 528
881 99 -928
248 876 -46
765 583 -557
981 346 429
741 684 -889
180 341 901
701 622 806
312 152 183
224 119 -328
806 68 -17
634 855 -425
615 811 -867
567 892 -756
803 823 899
758 975 237
953 546 690
971 229 895
13 351 -16
40 651 460
530 711 -938
557 85 341
578 700 138
928 699 657
976 385 494
339 953 -440
819 586 445
6 146 175
826 832 -148
560 820 544
639 28 -831
240 935 -680
708 693 532
680 943 -616
816 715 -983
910 564 -216
690 232 975
233 83 -296
868 954 -613
445 618 229
397 278 -646
502 298 997
432 463 -1
207 50 956
115 148 -204
76 587 481
103 439 300
910 346 164
632 205 -544
998 384 -170
393 114 256
262 935 -678
198 28 439
177 398 670
345 857 321
549 735 980
951 650 -236
195 496 458
709 685 -192
183 201 599
420 844 173
644 972 80
150 534 151
51 384 -787
493 300 393
692 451 878
566 7 -963
578 564 -50
810 408 894
71 95 -141
727 866 355
244 71 -140
126 299 -971
479 868 -617
802 561 696
690 850 108
630 41 -827
366 124 -27
942 731 -948
706 703 855
15 571 733
280 873 -135
424 344 989
342 572 715
922 263 -28
650 96 -78
841 892 -495
610 45 -523
373 953 -126
909 703 -69
681 477 702
390 499 -9
737 405 931
315 809 809
196 403 -719
497 814 -446
110 653 604
203 918 470
99 567 -531
127 94 -322
127 342 -964
24 956 597
388 380 551
10 184 -44
714 378 903
403 356 -926
841 731 678
484 361 190
815 299 33
173 600 113
263 468 -942
25 597 -796
821 277 735
522 289 667
961 570 -877
206 26 -802
409 729 -967
345 132 100
337 351 810
466 617 -668
960 109 984
368 372 753
714 607 -253
281 775 -351
741 991 -811
48 782 -359
994 243 220
847 456 -442
663 403 400
930 130 288
449 867 585
821 590 443
690 859 -474
867 155 -855
557 6 -52
548 397 304
574 340 -801
31 91 -734
517 189 282
683 745 -810
159 393 797
440 953 -685
772 995 419
492 171 -762
207 459 907
904 360 461
495 274 638
347 743 -79
880 363 603
1 356 911
459 307 -788
268 786 227
273 573 -736
725 630 712
982 495 6
195 607 779
194 169 363
805 550 -598
92 480 38
484 828 193
267 128 -990
239 671 798
911 857 -414
944 200 142
636 16 501
904 173 961
850 670 -361
104 921 733
269 638 -116
23 828 -609
710 340 106
267 57 948
902 773 -79
56 945 -646
348 588 71
59 17 -123
861 7 39
961 310 -494
48 624 27
805 923 -765
131 388 289
819 154 -406
89 991 844
869 2 -348
120 689 415
515 167 866
851 389 612
879 349 104
815 49 38
734 378 -41
837 159 65
572 832 -277
277 147 -447
261 123 761
463 692 -84
299 834 186
866 949 392
292 627 -188
20 108 -300
49 670 -878
535 475 499
609 678 487
416 181 -558
982 739 -410
536 621 -910
728 693 -227
287 625 -568
568 485 165
641 9 641
669 532 365
946 727 163
464 278 -455
303 716 676
501 792 -519
635 731 329
361 820 479
781 259 954
763 487 961
598 761 -506
635 747 -31
749 593 -896
703 887 167
393 875 -317
232 827 764
605 338 579
345 847 958
460 699 -354
310 557 94
216 715 690
204 152 -614
829 732 -633
726 345 317
558 273 -630
518 985 -517
192 610 -437
339 62 -390
522 819 -658
423 180 -824
642 324 -410
337 186 -464
850 836 821
298 48 -807
518 379 89
913 678 -591
766 850 -672
246 848 404
109 587 -373
644 734 121
171 357 661
929 451 -768
198 905 -491
437 863 -609
975 400 400
130 730 -403
186 883 198
793 237 860
996 822 872
167 352 188
192 464 712
224 939 130
176 908 693
354 998 -825
801 889 -994
680 261 125
569 761 765
920 760 -81
841 560 796
301 150 214
217 977 -31
987 665 -36
932 449 57
552 462 39
508 108 -246
262 769 992
712 932 -794
87 412 -685
248 332 -77
992 937 -549
489 638 -19
877 963 -515
199 226 -845
163 213 -750
517 665 -685
43 615 -495
336 242 -547
547 292 810
804 504 472
350 333 809
395 169 -857
838 850 -315
177 651 987
600 152 586
734 837 628
866 302 275
991 916 -588
489 450 104
393 670 -721
21 962 -621
596 3 643
274 771 590
696 78 760
907 703 362
657 222 -434
287 334 -720
453 234 194
488 934 890
957 224 -827
789 172 463
67 924 -72
924 94 101
99 281 -816
726 554 -886
731 174 985
255 458 -963
183 895 961
353 214 951
615 275 -331
709 727 30
566 357 -413
626 497 356
131 995 -314
590 578 -567
328 603 -824
413 302 -27
967 286 -373
288 205 888
243 904 143
362 721 994
191 805 264
593 598 797
663 777 -333
593 818 440
276 775 -504
558 394 201
300 641 -311
115 757 758
688 291 841
477 634 923
876 136 -661
703 17 34
207 747 104
186 889 -162
430 323 -231
544 463 -559
231 915 -347
445 769 329
856 222 -561
945 204 -169
127 485 -271
13 123 -716
360 691 453
222 211 798
889 946 782
482 237 -21
342 12 -832
941 367 686
699 5 -767
720 276 282
542 649 535
540 610 654
443 462 -953
107 809 -532
279 48 205
848 219 -461
759 153 -873
757 100 67
711 681 -534
973 731 -39
494 228 414
255 529 -954
906 307 -822
181 336 821
677 802 -713
935 247 -916
254 272 6
693 215 -655
422 252 434
226 214 -566
663 429 -510
540 483 275
344 896 -747
790 28 -454
495 356 771
344 374 82
259 212 572
643 142 340
194 831 225
280 166 -256
981 121 106
829 708 -581
482 468 418
969 210 49
209 177 -104
273 20 212
362 552 33
435 676 323
711 781 475
201 502 -18
455 166 -898
314 155 755
938 492 739
871 65 -988
477 748 -35
973 967 -49
591 402 238
127 490 -773
962 56 888
192 134 261
286 385 -1000
738 534 -522
178 907 -427
482 606 931
711 880 871
930 59 -447
829 923 214
352 330 68
498 674 878
549 564 675
742 134 683
376 692 -285
230 353 -672
521 566 -974
299 855 131
644 171 592
145 115 117
282 497 508
641 383 501
223 951 219
710 505 -326
481 908 142
850 668 411
308 66 704
15 122 651
718 190 492
348 387 -803
715 911 39
756 373 257
693 732 433
339 529 -664
503 98 223
811 585 372
86 35 -976
534 800 849
227 244 -119
823 384 -252
433 983 328
787 495 900
52 242 821
553 90 754
360 977 -966
313 530 -256
351 367 -342
611 975 -62
358 69 595
856 790 -88
85 936 -155
882 667 -297
524 649 -782
821 710 -214
96 636 855
238 52 608
267 442 416
677 46 -408
765 787 -304
350 496 -792
610 31 -478
322 643 529
136 994 -295
837 505 773
473 629 842
980 685 345
168 737 957
186 440 233
120 971 -43
816 213 461
51 810 768
781 35 400
172 90 969
324 697 -82
216 380 325
277 797 -342
456 766 -292
135 171 -349
357 594 966
825 562 137
877 542 12
608 707 501
507 277 -181
233 332 673
6 63 159
443 883 -29
597 479 380
89 564 -821
601 201 -352
642 778 56
774 540 -922
449 310 998
580 937 -478
971 324 336
261 275 93
12 146 352
18 287 -255
975 184 -776
182 490 434
784 162 450
651 831 -306
443 150 610
594 170 -488
390 109 -846
293 843 36
785 562 716
879 43 806
977 177 -933
366 990 297
991 727 -908
196 503 -450
101 822 -854
549 418 379
193 619 100
753 202 736
727 667 -451
553 207 137
263 511 348
542 123 942
592 719 -890
476 255 863
592 497 -666
868 896 814
999 312 403
772 218 -24
231 934 -466
549 510 -233
331 683 -887
954 569 144
686 13 85
40 736 720
780 246 -784
513 778 -898
128 238 885
677 779 -385
183 431 278
82 119 -731
33 334 -949
996 321 997
250 180 913
916 597 362
739 728 -12
875 292 401
594 828 911
617 191 324
473 864 320
902 770 997
939 887 -702
308 456 -957
632 528 -472
103 974 -475
889 268 222
422 487 -578
105 146 -917
786 743 212
915 254 -630
825 902 -282
627 347 -35
943 237 329
288 377 -843
758 839 -624
605 228 -729
113 602 994
505 558 -985
528 494 908
652 554 -323
566 790 569
958 734 344
796 950 228
689 559 826
680 441 -68
918 919 948
835 732 516
101 625 886
612 71 -368
938 576 408
330 417 -892
306 864 246
386 704 -438
424 884 140
729 794 529
993 542 -369
400 283 -709
142 541 529
155 34 -434
585 562 197
978 748 25
200 775 754
338 652 118
699 243 300
541 941 -14
330 782 -902
760 698 -630
469 1000 -726
204 999 -988
771 455 760
1000 867 -743
200 769 -553
740 125 -591
606 833 222
263 620 727
935 488 870
100 834 -299
179 253 826
843 279 -859
27 972 -178
319 424 881
17 672 693
233 642 705
178 332 -76
790 475 195
134 489 856
81 883 -439
748 830 192
569 148 254
717 155 25
583 850 -662
753 196 187
709 441 293
207 871 496
21 954 987
450 334 778
4 678 464
284 616 -381
572 978 -248
133 285 -15
449 260 -646
906 914 -644
272 246 193
415 77 -15
592 160 148
824 935 48
144 159 -50
189 994 -432
350 423 -155
187 921 -140
706 790 9
982 437 -692
34 446 336
707 351 102
652 640 -619
636 240 -528
236 78 820
37 316 185
874 220 975
537 22 772
540 355 -192
468 5 -542
943 459 156
150 678 437
470 830 -250
594 581 817
156 48 552
102 100 119
436 813 743
538 738 -607
621 308 -594
169 38 398
123 143 243
683 310 -658
635 107 446
734 137 382
83 229 226
640 420 -412
468 914 -720
983 880 -843
71 466 249
645 100 -226
195 733 -280
393 283 646
536 991 -75
99 797 -208
163 917 -61
952 306 754
710 922 -722
13 502 838
572 805 -762
33 439 -283
710 615 -133
767 962 278
296 59 998
188 738 -234
483 103 860
15 20 -875
234 36 573
657 735 -799
942 692 359
66 708 -914
742 977 -763
90 482 46
563 702 654
83 878 530
897 818 373
195 681 -764
535 651 -733
136 186 -48
43 424 764
29 238 -156
755 290 515
278 974 -181
17 192 -316
314 234 -375
528 442 246
890 45 407
780 877 371
453 586 322
246 367 -644
831 719 -974
239 600 972
948 711 -50
111 129 -589
569 720 570
385 260 731
847 183 -296
228 12 -863
142 837 -423
363 377 927
690 531 752
151 369 -783
610 582 -583
296 812 233
575 129 733
831 671 505
378 131 803
380 622 -26
137 85 141
451 586 -220
686 108 527
472 30 17
12 7 634
651 997 262
83 141 488
102 491 -291
921 637 -215
352 934 -478
134 686 229
872 38 841
220 519 795
819 165 -976
925 663 959
312 630 -966
744 700 -671
478 31 254
551 859 -694
781 420 -470
25 867 -771
823 140 -292
344 859 324
402 649 -44
171 879 492
509 536 -539
320 180 583
992 150 -412
84 249 -785
749 70 -703
284 248 451
721 289 576
843 147 -849
90 654 -46
991 454 -642
257 906 -887
626 406 -171
433 635 -354
746 812 495
190 276 -997
384 383 -67
36 570 -660
314 831 -929
762 357 -337
861 235 421
548 454 708
347 103 -578
923 734 285
174 832 -504
456 625 925
26 407 854
485 293 901
922 493 57
854 595 832
511 283 -703
652 477 -905
366 850 -519
99 493 -221
777 682 -364
187 248 -181
992 597 129
102 868 -241
632 993 51
963 816 453
925 894 818
697 805 445
659 494 614
521 813 34
632 810 475
280 857 -101
359 953 -220
949 505 136
643 892 963
260 831 -62
792 270 -639
177 42 916
790 619 -77
588 156 268
920 40 -896
655 885 -497
805 902 53
425 687 380
384 210 642
373 117 54
661 950 248
353 26 -114
949 542 -657
540 296 73
609 372 253
191 138 -707
931 449 -673
144 43 -753
782 679 974
898 318 936
588 159 494
713 246 181
28 410 750
881 178 972
503 286 683
1 712 711
491 842 782
107 834 -355
138 517 556
450 279 -731
979 581 1000
804 647 -979
739 183 437
177 592 106
637 784 445
131 437 -908
22 888 604
102 864 46
418 599 -978
736 434 900
7 996 -776
699 574 843
644 438 12
984 911 131
131 209 894
166 748 -135
600 274 748
606 701 350
125 501 767
101 404 474
642 510 -9
95 795 85
695 382 485
56 261 -96
27 916 -26
621 302 -824
6 117 -974
385 476 193
673 168 -939
940 231 -257
544 238 563
386 631 649
493 442 497
292 567 486
471 787 -304
538 552 472
40 138 -227
657 809 452
55 805 -711
26 741 -59
974 230 -224
659 764 -178
147 266 -933
640 492 -928
185 565 -174
8 920 278
941 656 -541
502 779 179
795 948 -104
295 659 139
609 257 123
276 717 48
568 375 -925
384 106 810
320 311 507
768 823 -365
383 401 -855
57 286 584
492 58 435
327 732 661
850 311 -394
583 951 770
97 805 -619
171 434 -616
168 351 -881
900 874 777
701 243 -137
228 656 -636
665 233 -775
354 544 -511
423 700 -628
461 182 -148
285 161 -754
441 246 897
233 159 -663
750 886 256
796 450 818
430 285 -6
860 417 -657
828 712 994
403 310 -610
804 279 -458
440 400 -13
124 503 902
672 495 -677
656 542 785
257 455 -232
41 113 -736
226 608 -795
922 722 -365
91 982 660
320 823 -134
955 65 662
200 986 184
970 410 524
431 435 686
469 116 -569
408 821 727
520 321 -595
394 980 515
567 59 -292
266 464 463
375 555 -931
348 137 -3
710 559 722
311 6 607
272 847 953
69 315 324
99 199 98
749 970 562
842 791 343
630 454 -604
491 138 -821
397 14 -539
578 173 864
939 508 -761
249 481 -84
823 921 -793
41 991 -887
633 473 26
110 808 -694
919 272 512
932 917 -655
35 220 117
829 532 367
998 654 -170
209 599 829
940 316 -387
569 693 800
472 688 13
235 877 -298
727 129 723
544 86 -904
922 35 873
993 316 -325
899 91 -691
605 927 -802
593 314 799
160 194 -522
499 762 451
519 384 -248
101 725 393
212 341 -444
240 303 979
349 356 -196
631 393 270
959 255 -352
864 159 152
390 634 -544
161 69 -167
680 369 341
679 800 560
784 63 -817
755 208 443
507 171 -535
430 592 -430
135 730 91
422 870 -393
98 238 962
330 485 -209
85 197 -488
213 599 -713
583 639 864
314 267 832
941 938 159
449 915 532
377 792 -456
361 873 -374
708 224 -375
738 424 -153
829 696 -145
668 754 -311
456 997 -770
352 196 599
616 244 -58
270 925 281
108 299 341
738 234 194
255 11 -176
529 728 503
810 416 -95
127 287 966
626 645 -580
684 563 -436
62 246 -867
871 811 -211
957 671 459
238 210 -36
732 715 1
480 455 97
147 820 -209
294 847 -602
780 282 -105
472 679 -645
36 381 -754
281 991 2
451 494 -157
370 652 -699
681 465 -269
22 179 297
887 562 370
48 505 372
102 819 -829
336 803 390
310 705 668
971 126 -994
708 943 196
378 354 -722
943 787 -689
460 729 -551
566 950 494
86 61 -782
243 970 -249
10 268 -913
472 759 -959
847 606 -443
234 266 -882
945 290 -745
109 468 602
116 904 -127
303 37 573
737 211 500
660 224 157
232 614 -159
181 958 -323
104 700 -560
573 497 -67
599 843 108
135 180 -108
238 283 -824
130 77 -471
102 988 -35
432 423 430
807 770 -113
435 311 169
897 808 -375
536 481 629
937 6 -81
245 189 271
41 968 -898
464 211 310
133 559 388
427 594 562
243 69 -378
683 677 672
246 913 596
451 71 -115
115 874 -810
836 266 -926
698 18 463
338 26 743
47 597 749
910 613 289
246 143 -344
623 995 -979
813 296 -702
530 134 -469
837 359 -226
396 461 -578
980 42 241
351 520 338
507 485 622
39 413 -702
162 927 -849
622 388 468
838 372 -533
607 263 746
730 323 866
862 198 404
909 839 819
370 973 498
629 617 -14
555 738 -920
57 674 45
300 414 773
383 100 -995
953 828 -44
679 997 -547
553 943 20
881 481 256
161 939 -100
21 113 -253
492 943 -23
864 170 934
695 786 -828
171 626 367
958 989 274
81 694 -839
58 285 660
268 856 945
11 406 -999
136 607 29
299 792 83
464 114 -10
725 628 -66
137 264 -24
595 778 -794
545 143 791
153 382 -257
561 671 -303
171 649 28
887 788 -347
465 219 903
395 632 -594
639 317 -735
774 885 869
745 340 -941
833 17 -941
188 874 345
841 507 -972
306 262 -2
774 724 -238
170 732 -716
9 339 885
856 11 706
378 184 -551
543 87 792
893 65 -347
460 56 -913
997 151 -377
678 621 682
355 895 824
634 84 -336
495 365 -951
732 71 584
587 802 -349
128 250 778
970 955 -47
463 422 546
631 447 81
223 263 -526
629 613 -865
713 601 709
259 354 -644
961 581 381
715 272 351
257 817 -723
385 1 905
893 482 -828
49 503 -226
554 161 -641
593 675 -856
496 110 618
701 761 382
240 831 471
980 228 -994
413 577 48
233 51 -505
277 313 632
358 710 910
545 110 -972
413 301 521
869 509 -660
998 131 574
145 388 170
32 358 -582
95 796 -382
83 74 100
939 148 -683
253 501 142
677 374 290
515 665 -304
26 715 -949
418 867 -51
851 719 -584
984 402 93
330 734 128
623 377 941
866 35 -268
519 395 365
828 575 13
146 32 802
296 908 481
179 109 -216
991 554 -699
812 50 612
637 513 -196
368 824 107
348 840 341
191 337 -372
920 582 -512
552 460 -432
890 635 529
916 598 -603
547 929 -788
234 54 -633
874 80 50
951 467 -70
620 344 -937
405 453 -177
525 621 -882
930 723 -842
398 947 30
96 364 -773
517 703 -275
890 439 -399
265 819 -413
221 84 758
224 593 -832
471 730 268
586 903 -371
201 44 901
96 716 -714
881 758 57
253 940 779
450 131 513
735 518 474
921 874 -15
572 866 -392
71 677 -56
477 554 -545
624 299 -668
346 985 -193
146 265 -667
88 919 -224
604 4 37
455 78 -501
910 258 740
525 93 442
546 316 733
690 139 -369
907 814 -800
215 912 -736
105 692 438
438 963 730
883 391 -249
851 785 -493
326 798 -591
550 299 611
310 815 262
312 552 960
405 723 -31
320 624 -39
762 576 128
576 115 458
648 222 -987
178 269 -356
682 58 288
972 886 548
688 489 -502
484 565 -576
627 83 -260
845 738 -629
518 129 610
951 729 891
951 291 944
508 344 33
447 204 -165
594 979 377
830 372 501
756 42 890
281 386 738
770 609 130
500 142 62
139 547 -241
752 950 75
744 154 848
433 274 -400
783 585 -678
213 900 -721
22 875 -582
47 710 580
701 538 914
151 75 -858
756 408 -783
126 842 243
84 807 258
541 766 -305
789 171 638
921 75 -508
835 124 295
149 880 -455
238 737 -865
278 160 187
545 261 435
434 731 619
430 190 -537
58 295 -415
31 156 -237
939 816 77
562 135 858
1000 779 -298
134 337 653
806 88 310
105 37 -280
144 970 496
857 978 -661
821 426 -316
99 895 692
82 423 49
228 982 590
13 996 799
922 128 19
233 127 -892
461 524 -877
362 868 953
857 47 -224
741 819 -183
257 604 -421
762 200 -198
112 238 -177
646 28 -826
898 456 -844
924 697 -809
256 466 -331
280 640 -531
453 502 -545
520 897 -806
538 234 -865
9 647 -761
508 990 910
974 998 211
382 439 -405
63 159 552
532 691 517
254 795 952
903 536 -436
657 441 -94
305 108 229
825 415 148
306 908 303
945 208 -224
838 818 -79
928 909 -743
752 919 -529
105 583 -760
78 932 -717
378 539 725
553 805 -760
727 962 255
460 220 -433
265 82 511
365 627 644
649 600 657
598 688 269
499 928 505
948 996 -103
100 138 -495
618 311 -329
178 594 488
69 53 348
544 291 630
677 396 855
295 229 893
638 131 -862
724 43 559
305 304 -955
678 138 125
198 779 637
39 240 -710
842 5 570
411 928 216
342 322 553
730 360 -113
99 303 -965
59 443 -825
777 417 -791
842 762 401
865 48 -381
209 735 644
568 259 -485
411 728 447
990 752 675
224 36 -817
990 852 338
372 565 801
595 754 654
162 290 -879
23 143 313
976 273 269
505 539 -232
135 390 -577
292 2 869
221 492 941
884 839 -448
138 867 570
767 806 -240
722 513 702
50 356 683
659 810 630
575 222 -416
299 84 894
789 613 509
134 267 965
833 396 -165
995 12 248
811 591 -567
610 713 -273
244 817 -776
505 537 -17
72 736 655
44 142 849
193 207 -999
129 197 -874
572 976 -193
676 32 701
423 614 416
341 564 -2
726 31 227
871 462 -993
784 369 -556
119 90 -159
200 689 -953
410 153 995
191 122 -750
382 899 349
639 325 -660
778 940 388
411 224 -572
121 179 -707
233 329 -516
668 774 511
478 6 -119
389 147 -625
991 624 -618
829 298 -745
125 939 778
776 586 277
78 793 62
833 426 187
514 786 867
523 589 193
221 695 551
608 610 231
649 976 -894
405 145 -533
652 926 575
844 452 -788
746 164 -934
198 41 634
335 162 989
795 828 365
925 743 -361
12 654 820
732 573 983
112 409 922
478 824 -156
194 753 301
94 703 -142
826 72 -53
608 660 -673
368 888 97
544 785 408
389 386 196
987 632 -153
304 559 907
992 130 137
141 479 -45
746 599 456
213 965 -746
662 842 -677
469 756 151
607 702 129
980 135 701
819 91 996
807 277 -668
365 165 -136
214 233 -592
275 488 56
83 225 619
26 866 -152
505 995 -914
623 459 -458
864 514 606
132 20 -845
595 386 -598
107 981 -225
335 93 -274
567 218 667
941 884 -737
373 454 -747
746 199 550
401 19 400
584 823 -109
821 339 513
668 960 -237
734 855 -477
34 104 435
144 996 -387
160 420 -739
991 432 -766
430 541 -217
459 80 -233
871 383 232
837 672 871
802 239 463
627 851 -98
603 491 -229
71 690 -868
347 127 -812
57 569 34
463 300 352
3 9 -377
849 277 95
960 586 -553
997 371 -921
925 694 202
3 835 -265
774 406 -739
405 880 177
551 828 86
261 889 -274
863 974 -119
732 211 -258
829 308 524
865 577 746
748 532 592
202 328 418
848 514 -761
229 472 -67
537 105 110
770 742 -890
179 209 -895
314 920 647
525 184 87
557 198 161
508 521 -393
913 654 71
215 836 188
599 864 191
717 646 -344
646 338 -344
275 682 -899
186 50 73
622 746 323
883 195 -320
192 898 -133
191 936 175
780 726 -435
189 246 -393
576 853 979
461 298 -611
143 320 677
819 323 995
855 998 -387
357 850 862
834 933 102
135 213 74
136 822 15
508 837 810
735 977 171
815 883 826
705 322 541
721 145 727
95 19 137
642 448 -115
969 318 175
65 453 -674
747 411 5
289 704 -712
277 406 -36
130 479 736
33 179 -277
469 154 838
548 302 375
66 711 -160
197 808 659
577 288 581
57 19 -367
878 69 -10
998 433 -72
565 268 724
618 698 516
250 208 54
213 710 968
376 822 -138
748 988 -912
905 609 612
543 535 -349
973 198 -735
347 975 -720
18 689 -276
864 552 732
537 635 -342
974 758 -831
13 50 -636
57 969 -693
815 850 -692
982 73 -809
612 142 499
327 284 276
988 49 -268
92 410 -501
245 856 445
58 574 604
141 35 -535
251 364 -327
562 279 409
592 950 -396
801 373 -690
903 469 -171
971 466 632
900 639 -431
965 122 295
565 476 576
55 84 -162
796 687 -682
501 788 -76
474 612 626
981 106 293
237 668 169
992 952 -460
234 300 -364
855 4 -262
612 259 895
613 456 -480
595 723 -447
371 611 -436
208 97 531
414 963 367
450 697 940
132 107 -404
570 438 -889
558 224 -709
745 36 -942
12 881 91
178 196 448
96 598 -919
724 494 -377
718 31 -914
782 114 849
985 854 293
836 275 -579
126 509 -31
903 599 416
138 811 268
940 769 725
816 260 156
129 169 67
542 931 323
122 251 -969
30 243 674
299 776 -139
461 368 907
870 931 -974
96 234 13
470 376 338
947 940 -572
531 280 348
25 67 518
785 70 278
490 578 293
613 255 -959
98 798 -819
582 738 358
435 172 241
754 815 -62
294 255 -106
2 722 996
534 718 48
224 377 230
272 196 -640
856 352 -198
551 235 850
282 239 -699
643 803 125
328 415 426
508 128 184
696 616 807
722 867 -200
34 961 -410
763 145 -855
936 968 -65
169 976 -246
372 552 -339
301 987 -270
815 358 -558
953 217 -993
303 142 -811
811 543 978
734 439 697
109 738 542
770 365 430
434 340 -822
378 550 949
721 941 100
442 908 -828
608 632 266
506 20 -73
626 846 617
634 298 -45
379 164 11
286 765 700
800 270 142
674 811 961
93 838 132
524 149 450
943 512 826
709 729 193
263 860 981
847 101 12
143 127 -911
546 127 -886
237 923 20
347 396 -861
367 792 -256
739 966 -137
77 8 -189
74 107 -966
879 678 550
855 765 -931
892 16 716
42 945 536
480 591 483
14 204 728
743 875 413
431 780 365
984 311 708
811 438 176
249 662 673
718 1 -400
458 720 -492
758 140 -286
936 997 -742
189 689 -364
59 729 933
294 537 -372
590 880 -485
787 652 -563
189 193 68
71 492 619
21 759 985
586 612 -984
608 379 419
231 597 -585
983 321 583
597 249 -89
987 354 295
892 315 834
469 138 -750
265 554 -365
994 514 -80
151 737 144
518 976 -805
580 322 579
102 72 903
499 877 523
165 453 -149
670 68 649
70 28 916
254 44 -134
854 14 348
792 926 591
157 105 739
270 44 807
542 952 -521
566 405 63
92 420 462
840 102 -851
587 368 -929
347 67 715
948 612 -789
859 463 -51
88 365 -431
571 301 -600
739 74 691
301 396 -671
949 340 390
171 196 -729
380 252 -874
892 555 251
99 970 -613
324 995 298
872 336 45
571 336 537
231 471 541
527 359 -995
975 128 809
332 770 513
849 498 906
689 830 907
30 773 743
520 838 436
785 471 640
869 717 822
456 442 677
276 236 -748
879 916 816
620 602 -838
481 344 -654
474 302 290
211 428 590
634 904 561
976 614 714
229 200 43
