1000 5769
448 866 -9059230
505 684 6460211
197 238 1513551
402 763 -1822956
697 855 -8687391
815 282 1855645
266 203 -7439142
138 607 -6018158
699 34 8397242
865 622 1163427
127 241 -1526737
880 985 4767251
334 914 -6250333
191 993 1054887
896 572 5134492
374 508 -1953781
260 899 -5943749
415 999 -3000665
122 143 9131400
724 843 -5151119
315 802 -2007754
932 497 2121422
448 256 7809947
610 224 2946859
300 26 5151935
899 939 86807
582 847 -726577
85 965 4471169
669 149 5640272
861 944 2883253
438 248 1959178
435 772 5869905
268 705 -7944380
936 665 3453117
560 890 1715686
688 419 4921812
370 176 1993448
502 898 -9708326
74 539 -761163
536 574 8630175
922 196 955554
7 569 9973535
931 980 -5133335
810 839 7958155
317 479 9117919
923 874 -4474743
193 231 340779
859 55 4843794
268 323 -4672805
164 893 3410210
837 753 8142827
203 963 -9433125
247 550 -3344163
828 502 -7557105
549 15 -2005625
245 69 -6954788
179 365 8684771
513 480 4894191
351 556 -1080583
95 480 -3140594
826 338 -1287873
481 310 4881198
751 381 -9409392
272 566 -934790
63 351 -3955401
448 568 -5121496
745 737 5212800
445 27 -3289306
335 801 1447311
262 571 -2140854
565 914 -8854062
808 460 -4670025
264 849 3556979
223 493 5304472
490 95 -5716615
724 888 4562636
446 817 -6558430
708 107 -2299474
567 13 -6475597
754 870 1637834
775 112 6570094
700 494 9506857
310 729 1537018
861 779 -6224631
989 535 3346422
475 258 -5322981
699 959 4440560
216 740 7633367
48 637 7945549
561 791 -2080927
892 483 7311986
454 532 6662966
396 42 -2814802
424 638 -7190913
633 901 984363
426 321 2307387
925 714 -9720875
650 230 -2084903
153 472 4987530
179 462 -1338508
888 134 4750577
363 472 -881394
91 465 1463543
871 145 5656925
128 302 -8402985
815 118 -4409746
68 626 7884351
550 204 4199234
794 254 -2288466
86 149 4551530
56 315 2660057
390 7 -2394115
440 46 8965556
538 537 9854491
902 374 -7692555
918 756 -6708686
659 49 4399590
159 664 4280566
52 180 9742483
138 59 1996515
452 517 -3086254
211 291 5960942
889 672 3635350
497 458 3727288
707 247 9950559
453 163 7311312
96 289 -2702232
517 54 -8125028
489 539 2409597
418 178 7141083
163 927 1487914
982 371 -559980
869 518 -7626661
452 210 2169814
482 106 -8577531
138 431 5996947
180 384 4620487
860 729 -6425741
337 755 -4143645
967 682 -8074959
828 363 4487767
248 418 -2069472
401 80 -2273674
459 662 -5973653
365 831 7097481
641 407 6471857
689 713 -8153567
688 997 5270113
5 947 2994851
715 964 -6602152
129 704 8810684
224 630 -4948513
592 598 -3916709
432 837 9490450
31 534 -2789607
879 612 2983448
221 783 -8514480
453 536 9968121
246 238 9005630
322 803 -115480
697 338 6045468
331 66 -8545212
18 366 2930462
300 217 8140069
804 903 -3003016
744 98 9782434
426 562 -4331972
891 547 6665922
477 174 -5593931
130 333 1294644
716 56 -24025
607 420 -7536804
386 772 2633329
359 435 5247121
951 501 2867331
871 578 1034711
474 297 1443526
239 534 8808290
88 745 -4012007
325 206 2298212
174 126 -3948820
606 466 -769588
580 868 -5109977
842 593 -7933765
399 589 -4238916
828 515 279922
660 947 917024
717 838 -8862578
354 276 -302516
121 520 1773766
216 13 -3880334
222 435 -6246656
336 246 5632804
509 242 -8875975
667 971 -7506912
482 147 -6929290
972 115 -9032675
389 494 4670640
738 994 -6022537
686 474 -5393082
771 991 -8664385
283 18 5045682
221 802 1300070
589 40 6468670
553 249 2155408
373 998 6950019
876 444 -9583413
890 204 6616890
176 956 9696202
137 985 -6701937
880 538 -7415619
291 625 -9134306
506 235 1507024
842 236 -21315
77 395 -881419
195 136 6687703
217 63 3999641
676 707 -4191166
771 894 2135510
30 46 -4670498
473 781 -805655
791 972 -7670176
908 946 9953639
143 37 2128665
316 215 2855506
375 546 -5324392
20 351 -7180270
146 339 6556667
419 89 72941
100 177 8956091
762 83 -5305403
511 919 -3369820
667 363 2678432
63 234 -2612113
338 451 -7671420
734 766 -8932635
378 211 2921186
691 74 7803419
956 482 -3552143
506 587 -1516751
442 423 -8731045
755 873 -9731747
812 326 -458581
361 844 1365352
22 628 1387258
151 386 -5666811
133 215 -6297873
716 615 9632204
841 220 -6929750
630 75 -8519028
368 313 8233526
664 470 4302330
246 178 -3276974
805 972 -7572681
656 622 -6375574
758 710 -2507330
754 873 5332231
945 570 1663180
354 684 5577227
220 709 6088747
560 99 -4682574
592 962 6136410
954 24 -9268367
412 450 -7663925
123 277 5670577
792 847 -2766825
749 349 -1024599
739 443 -4087784
165 325 -7132644
691 572 3191926
297 941 -5780528
346 162 3897802
587 311 5692823
476 370 -7795286
183 994 -6591406
874 846 -8051142
657 971 -8611761
445 102 5141965
269 319 -3661436
702 682 -8579214
389 679 -6457320
377 489 4963990
365 226 7191441
615 776 -3041677
888 260 6591818
610 220 -4494185
897 453 -1514942
684 328 9909035
892 484 -441704
148 647 756186
713 684 -5943447
211 471 -6952133
183 325 -431863
990 474 4942323
274 540 7873316
407 960 -9710255
422 546 887305
758 319 -1891137
357 638 9863865
124 877 -5353720
138 910 -8864689
806 768 -3353320
668 486 -9072311
105 553 6062482
942 695 -1335427
551 785 5708660
482 461 1547485
463 248 4303724
784 883 -5717418
770 424 4683381
162 88 -325818
206 364 4602313
371 396 -8839119
219 104 -3600615
910 590 -7769299
850 239 8218512
883 579 -5572296
215 640 -3074956
673 489 -2310539
96 590 7346655
364 57 1679894
692 501 7576211
938 866 -9901805
916 519 7848221
78 727 -7458774
199 555 9525324
278 402 7406592
716 8 -2030112
295 772 -4414951
487 22 -6769756
834 931 805890
195 963 7761451
906 543 905473
551 767 7293735
837 384 9294699
92 953 7671105
61 700 -7991627
622 964 2062417
943 352 -2812339
305 855 9791804
205 130 2895332
266 409 6185610
12 285 9218498
499 63 1700147
931 171 -3016771
956 795 4975947
707 710 2155554
907 132 -707801
101 317 -3027052
188 664 -9917444
96 98 -8046732
749 560 -6417156
9 785 3913719
221 700 4147035
760 290 2292122
960 249 7804413
328 667 -4850092
962 60 -3968037
845 378 -4895549
302 225 -1342219
510 776 1245149
66 245 -9559472
825 645 -5570468
305 814 6005849
377 516 5880689
105 178 -8272016
732 403 3397034
390 345 -242241
989 91 7859077
25 997 -4865255
109 896 2215721
53 810 -2675209
454 972 -8668299
225 364 -4153720
759 425 9351638
571 364 2708344
746 534 8661768
654 490 5536256
202 397 -30648
323 796 -8490722
172 537 6889912
469 326 5862639
77 901 -4658985
268 580 -8498046
588 645 -2827507
521 343 -2887306
75 331 -551564
313 708 -2215860
54 404 -5209742
272 544 6007221
362 505 -919370
415 363 8949796
50 461 -7976482
436 768 4577761
356 490 -1856665
382 842 2475143
829 707 1685685
141 268 -4772037
164 296 4150922
57 23 5163069
95 916 -5953612
459 711 -8007770
818 906 5583446
209 385 -3864571
248 85 -3824889
325 190 2899324
27 570 -9658306
225 136 -1953814
815 679 -442284
875 292 -3564650
516 30 988607
235 587 -2561715
769 978 -4355621
805 345 -4509370
61 206 8090954
43 915 -8904375
982 176 1619272
60 878 4822343
760 91 -6527796
289 904 -2013446
256 826 -5543291
1 964 -9528362
998 300 -4001313
214 474 9317695
716 758 -2340508
858 633 -147031
801 92 3120749
546 523 -1387294
626 211 -3594692
490 405 -422712
2 372 -7029975
669 368 -3792534
368 870 -7214143
422 468 -8931866
814 535 6962360
546 549 1422262
709 881 1226966
875 581 -3948772
492 343 2508982
666 247 9649822
973 707 4286873
394 642 1792914
162 882 -1306201
483 773 3409938
778 967 -9473854
490 818 3636861
137 526 -5925384
507 456 -7897673
58 137 -3457158
284 924 2692805
869 357 1703877
925 86 5098084
471 801 5288357
790 664 104102
459 349 -1244358
862 595 -3351707
778 976 1362291
961 594 -2643268
79 18 9381821
222 526 4779222
313 464 -5468227
932 144 -3083342
960 317 5178881
316 612 -2048513
297 786 -1268985
360 986 -5694221
737 16 4674120
920 406 2923068
533 56 -3900088
716 972 -4562281
715 421 -186850
68 974 -3063477
423 471 7301092
176 476 -1110862
844 14 9905886
527 453 2938118
202 728 -4877527
260 186 -4780819
308 580 4271035
174 367 -8492684
914 983 -208889
166 187 -1440376
998 259 2220059
22 158 -8868951
991 607 -289276
785 426 -2153378
389 490 1565015
804 772 8471148
646 319 -2962859
617 585 -4135667
458 314 -6172776
531 160 -9551572
123 909 8015564
555 228 2257484
97 422 -1051580
727 543 -5431501
527 379 2802195
480 528 -4430190
393 129 -5917674
505 937 2538814
170 624 1835545
79 41 -7323511
146 847 1836343
746 228 3763395
134 915 -6512536
454 30 -7550871
951 567 -4609682
930 567 -4906584
776 840 -748785
834 649 -3424473
437 897 5180038
178 192 6077621
692 80 9462174
413 946 -194419
915 53 9283368
772 647 -1326808
917 701 -9758984
394 632 6262475
136 547 -9353880
366 889 2709645
288 474 1714078
487 331 2088286
934 505 7804891
54 369 3602292
15 833 6427614
64 279 6700651
819 89 2234778
228 367 -9437614
412 942 6606842
609 594 17987
569 81 -8969176
550 625 9591239
944 867 1437474
39 48 9682027
760 887 -2397142
946 655 2161903
62 546 -3808534
981 542 -6168154
149 544 7296005
971 352 -329007
432 496 9984218
654 198 -5851115
831 557 -1306675
958 609 -627142
390 196 2143452
630 871 7717086
947 535 -9129903
30 937 1810882
709 904 7484341
743 555 5821565
432 444 2399087
294 12 -886877
152 647 4946711
13 781 1287027
238 693 -9419182
811 92 -7504607
445 462 4323061
227 408 7131202
591 213 6408480
666 679 5090057
234 787 -4436487
579 922 7423656
489 975 -2713365
234 151 -8329029
470 613 8042608
662 301 8137256
265 735 6513233
709 723 1391961
147 196 -6068075
293 441 -3138497
401 402 5423132
581 104 -5791601
711 299 -6713393
398 22 -8267841
86 971 4704611
800 380 -3363915
538 552 -2456560
632 522 3571086
310 683 9983254
993 700 -1435079
622 606 1508323
353 230 -4186904
277 625 -4973255
437 8 1138811
643 18 -1915832
472 831 -6282356
847 264 -3343530
929 840 -9303542
928 352 2118654
352 983 2033168
47 593 -7904431
896 618 -1651647
805 622 -370282
674 296 3436290
152 917 -8862874
454 963 -7178474
407 62 -6751126
697 291 1878390
461 682 -9298872
347 390 -9285433
33 599 -1007560
44 870 -1825697
529 159 772255
133 252 -3992626
739 71 1615072
548 882 7473079
422 526 8417451
19 14 8372228
413 777 7604024
880 31 -1807225
953 706 5071090
5 698 -333388
893 650 -3384877
406 733 -3004000
669 580 4915143
103 769 1839771
843 465 9390650
758 55 8004496
520 195 -4157642
215 814 -3986584
135 274 -5042100
784 635 -8622154
279 167 -448151
185 155 8323286
698 1 1234246
173 514 -3659605
138 132 6369393
542 773 -2224855
645 231 -5600449
285 118 8595977
541 548 -549327
423 617 9805903
998 456 5573875
36 606 -6628777
759 670 -65558
251 471 8932053
710 912 -7324413
308 691 8676180
397 79 -7988034
721 819 998816
138 844 -8281492
9 206 1694961
565 926 4927154
930 730 -8990824
421 576 3182351
789 878 -2546477
611 616 -423879
432 411 7423618
783 566 -9932485
415 142 7676418
278 43 7305649
535 151 -2413578
532 355 9122945
317 836 8685106
679 424 2555938
645 779 3411684
462 74 -5792656
518 744 1228038
157 443 8036953
366 713 -7931705
403 916 452444
783 135 -7149855
173 364 -3269437
901 563 -458658
439 267 2948497
599 882 5556866
676 290 -745193
20 26 -184265
566 423 9068973
485 690 -7282562
150 662 1350334
304 802 4712292
29 975 -4108247
562 213 -8899907
189 73 7912414
419 438 811470
371 728 6341802
454 206 6000258
874 656 -9447447
95 53 7946798
291 885 4853746
197 471 -5245339
461 849 -963878
682 246 -7511209
155 665 -5533688
212 495 2190787
304 672 3884357
375 909 2300303
62 679 -7915182
130 648 3333108
276 178 -9237624
301 458 -3758489
634 704 -1944024
603 143 6040336
912 36 91531
572 704 7060558
211 877 1453357
757 109 -2245819
474 558 -9502929
982 505 -4223456
651 958 -1536654
466 141 8472262
198 376 -5537175
708 229 6766773
202 744 5719214
253 949 -5117474
350 7 2220072
52 20 7434796
316 227 -4429172
149 191 -4973999
439 643 -3930838
945 619 -1548517
961 771 1160085
433 434 6281582
610 305 7765501
744 746 -3868575
156 16 3731259
891 986 -6392442
485 386 3447607
252 821 8933639
727 454 1229241
476 262 4444986
302 242 -2422952
853 729 -4687208
719 567 -2035844
945 691 -7395511
469 847 -8876355
695 713 -4357411
372 66 -9988829
411 912 -792312
1000 466 -2975227
45 952 316769
93 706 8191012
521 691 -4892870
963 286 -1957026
534 505 3835707
122 672 4614939
629 272 -7810721
422 784 8745476
240 448 -5013387
280 188 3891912
9 947 4673324
518 740 -6923421
880 593 -393594
751 153 -5991941
138 758 7912513
486 843 5941289
212 573 -9639458
625 770 -409524
418 548 4751301
171 43 6238623
122 718 8010437
401 624 8184453
520 668 -5619396
170 263 4833223
218 364 -5777343
181 224 6473832
33 836 5544963
4 704 -8377280
243 649 -2436163
599 880 -6975577
475 404 1797515
523 472 2491938
332 320 8750817
77 593 -6336847
709 787 -1776132
698 828 -2032751
479 927 -143046
207 8 3649163
398 544 2104474
483 590 1249150
307 378 7202232
596 520 -8203596
667 360 -7964370
996 745 -4057323
890 673 8452672
331 834 -3778106
192 240 -6619120
367 781 5207400
629 777 9042653
512 311 8848922
721 503 -8242641
374 566 -6888280
327 965 3267572
972 650 -2851194
556 441 2764069
398 474 -7733834
684 814 703353
241 66 -9232256
31 41 7270326
979 205 5112522
361 674 8091235
490 83 6614236
389 944 -3177335
583 585 2031342
388 515 454534
276 566 7946544
469 688 -3888032
218 992 823272
95 182 1848284
130 898 6358966
54 155 3600020
680 892 -3656464
978 457 8699188
396 890 -3301355
209 861 24918
404 796 5936848
839 534 -5016433
690 471 1962298
239 580 3043779
35 929 6974307
536 236 -4785378
338 318 4764982
897 850 -9621532
444 919 -3105451
127 690 9824460
436 713 -2270970
870 466 9083698
611 697 4348716
166 101 -3802911
4 567 -4738654
263 782 2530696
811 36 -7521212
340 640 8077039
93 619 -7509906
211 798 1929344
850 242 4352587
983 246 9351977
535 286 -8646934
964 436 -3408079
102 135 6791585
162 229 -4721104
299 3 9035482
286 416 -8913316
306 666 8835786
428 747 6097397
797 895 8428714
971 491 -8573077
310 341 1385441
434 900 -6243247
974 752 -5510601
144 383 -7311074
511 931 -6292817
109 915 4133633
67 201 -3610375
429 752 -3519892
846 539 4263502
301 341 -2951118
602 673 6422373
999 499 -9889130
850 766 -1704785
540 348 3531112
972 914 9546347
992 405 3360117
34 667 8852759
784 551 7931657
594 844 -2289474
734 507 6697922
861 696 8830796
427 780 1772159
399 554 735144
745 812 2767249
728 890 255993
648 60 6556302
668 593 -6578746
86 983 506396
198 383 -8895035
945 24 -6867997
11 8 -9501093
275 372 953202
239 688 -5981717
730 184 5061927
229 112 -6207683
651 206 -9348476
211 705 -3331359
127 797 -1983853
205 214 7699317
756 76 -598698
972 690 8755243
244 109 1250120
557 172 3372998
432 492 -2656409
781 184 6497434
550 841 -9029362
183 752 -4012440
65 512 5792435
526 934 8689020
36 954 9366151
137 468 299141
230 71 -6356757
652 905 5772023
506 849 320937
52 539 -3986518
162 293 6507712
184 743 2517770
565 293 3971989
984 727 -7715708
999 568 -5245696
274 968 5986152
605 105 2228459
17 860 -884483
926 47 -5715975
859 832 -5232437
910 929 3108792
8 101 3880252
831 973 -2728391
437 373 -308192
484 974 6108327
985 35 9821650
570 142 -407713
922 157 41
758 68 8880087
494 734 116094
293 40 5754176
406 47 -8114519
516 391 -822071
871 629 -1248371
987 910 4962929
927 511 9671926
380 949 -4015771
997 586 -3436706
779 5 -5258155
498 646 -6224875
463 578 -7747696
785 772 7043649
35 383 -7767877
436 827 1976179
973 540 -1346474
665 860 -8725457
522 822 -4124700
597 480 -8443907
133 484 -4968116
411 512 7881612
178 469 7400218
47 896 -9543024
84 160 -492061
377 8 -3619926
452 948 943527
983 960 -5742802
932 613 2702446
643 944 9468751
506 411 -9934540
169 939 -1497561
429 983 -401249
366 36 1864979
900 92 4658114
861 570 81727
353 548 7143345
423 673 -6409429
239 983 7262048
539 126 6935080
540 741 9786296
112 251 -9286858
330 677 771816
723 373 9891849
495 781 9051984
575 999 -8191135
460 555 9940583
582 545 -8983683
65 757 7373229
473 515 5621427
688 777 5565888
588 879 4499781
448 770 8292899
968 137 859234
17 922 -3549736
557 275 -7716090
473 877 -6802156
597 197 -1277294
28 762 2120992
378 75 6199787
641 649 -1847988
816 449 6751128
952 204 2863831
323 773 5623356
644 852 -5139494
747 258 -263616
531 720 -7922994
635 515 -8075277
340 185 524974
981 878 -5640760
949 216 -7879801
465 85 -2599485
582 795 -3818406
550 750 1940411
178 78 1347863
619 287 9375644
285 181 -6626300
548 725 3707340
131 924 8011253
526 899 -8542426
924 78 -451793
489 107 6166372
771 351 1871680
738 737 5325529
933 395 -8296307
336 357 -5918045
882 195 2783261
109 934 -5036319
828 101 7184218
217 279 5245235
529 953 7416333
853 64 -7012629
700 726 3718396
284 703 -5740081
564 889 5626765
432 940 -9335374
165 19 5456647
101 936 1559628
92 150 3093409
55 66 -3735799
960 311 7844240
330 790 7601408
104 432 -6315550
775 790 -7678540
13 709 -7201454
557 961 -2355681
671 305 -9784185
57 710 -4861479
742 361 -4782275
330 536 -5888870
388 921 -9482344
932 207 4179766
713 273 -8626623
401 195 -290477
804 749 -5369040
614 984 8873875
506 138 -8372464
890 799 4712236
308 429 -3385353
705 921 2258951
313 897 1812875
737 1 -6641916
568 613 -3652242
982 274 3417703
957 530 -8506160
82 970 -923993
961 278 -4064029
225 141 4057387
14 250 3843799
452 692 1874898
435 870 5753097
973 958 -7317486
869 798 -3566161
204 154 -5554719
732 499 -8660565
360 456 -6318088
646 536 -4163553
738 428 -5481171
950 437 -4241671
980 600 421495
396 479 492257
920 548 7871604
922 820 -1411472
88 230 -4255893
877 453 -8411748
8 311 -3254984
408 920 7411554
489 993 -2242959
359 507 -1183042
28 33 3925370
491 13 3898328
499 516 -9049036
24 971 -7100241
910 674 7486445
13 542 -4233710
619 25 3583195
686 446 -6031165
427 273 -465536
159 936 4508287
386 207 352331
543 683 3836848
635 814 5418584
947 886 4871507
473 387 6022326
214 402 -6098404
973 860 3736921
336 367 -3047368
651 918 2841931
543 202 7834143
974 784 1743933
226 812 -9435376
864 744 8222842
857 946 8885797
34 217 -6373758
713 347 1926718
248 398 8691117
739 490 8489423
116 352 -8703886
255 95 2044726
841 246 -3716503
141 485 -810655
964 726 -6914929
312 18 -5578989
624 291 -8321851
501 819 -351426
40 927 -8093564
523 537 5783916
786 38 8031360
141 606 -9354374
420 909 -4367231
526 272 -8253024
21 621 8854195
19 827 9965406
610 790 -1548298
202 324 9745898
913 758 -8426694
82 263 3287301
283 714 4997875
609 835 -5682062
494 560 -4044758
27 120 -1700035
375 205 -3531863
620 75 6521230
597 274 9541382
148 243 970399
394 659 -1238575
602 501 -9729230
851 174 -4807118
329 69 -4380051
678 93 84504
89 868 704378
835 707 -2127429
588 371 -6423301
663 272 8328863
590 457 -7116795
970 122 -2784707
468 312 -684250
994 440 -5954065
932 913 -640200
553 860 -3703531
664 923 7119723
783 736 -7184302
601 551 5825628
873 204 6338917
523 254 3524618
781 579 -5272191
620 682 9640864
478 373 9823958
916 981 8147218
50 535 1346517
923 207 6648198
122 950 1138999
379 158 -1571800
97 968 2202239
170 712 -3041328
28 476 2524421
13 345 -6316184
128 759 -9268148
965 506 -7047746
500 264 -2193233
252 356 -4898773
393 92 3672121
729 394 5740842
529 469 -9916744
803 486 -7572723
730 661 5871666
558 25 -4064262
505 996 7623736
952 662 -2699820
730 164 -6393032
212 791 460705
64 929 8388518
499 471 913956
439 909 7985600
788 90 9910628
770 616 -4230424
388 133 8927871
922 748 7389466
876 296 -89576
837 944 -1146647
345 391 -3882440
939 187 1740073
181 73 -5116191
888 51 5018907
353 387 -4229474
394 887 -668787
427 572 -2633180
581 610 9290794
601 366 -1230806
97 658 2097984
555 646 4653871
571 831 -1548570
511 823 -202411
859 356 5051802
751 835 -2785958
295 705 -9646843
877 583 -4320883
197 160 9820353
222 54 6176056
684 231 6988634
164 66 5409289
683 239 -4996822
128 41 4871984
481 255 -9890629
780 81 2424076
432 353 -5302643
375 512 2058080
263 960 -9430384
556 598 6422940
560 603 -6513765
899 21 5599972
521 365 841550
267 578 4656622
839 273 -217647
761 638 -6672869
588 537 -4081013
746 748 -3993998
447 307 -9880554
889 118 9205579
326 810 -2574524
28 744 9171115
380 507 -8581630
865 171 -7022224
974 530 8369571
388 797 168139
550 748 2549941
656 35 3454804
175 633 -3271761
607 430 -1438114
650 946 7335337
773 539 724259
725 769 -5727586
183 351 -5411467
148 236 7717212
578 556 1616764
955 156 3716731
193 737 5094974
606 905 8775796
605 275 9176392
985 88 -4738294
135 761 -7947733
186 70 3442867
383 200 6295729
772 551 -1880586
157 533 -1676039
919 860 7243523
457 124 2965317
491 97 -8302170
147 127 1385039
638 759 -9643672
727 683 -5859630
60 661 -9593779
553 712 2385358
344 609 7495740
697 864 9175300
584 626 8543762
156 62 -2307017
232 236 -9839532
349 720 -5402585
134 748 5975057
263 916 -4545231
288 308 8602533
311 762 -4915861
15 785 1960123
506 129 -9137804
769 720 -1887809
431 620 -6075001
612 462 2701410
530 839 7000161
985 11 -2429890
551 657 7245492
874 607 3702598
267 423 -6632747
993 628 -5055008
43 284 -2470782
346 749 -394964
717 876 8676765
245 112 -97741
776 353 3512555
686 291 3465597
507 552 -7062827
654 406 8676658
792 965 -5913744
561 580 -7918609
141 809 -7579556
267 521 8632944
731 935 -5273594
58 151 -2630625
656 19 5045538
470 166 6209362
324 68 5231593
420 706 7286359
44 895 2638584
733 917 2375533
356 605 -1768379
682 486 6227483
158 506 -1703762
83 555 -678400
977 282 7215216
269 747 9523685
846 17 5452337
790 267 -6221311
224 795 9624649
442 625 -3325683
544 778 1609661
806 249 3204338
72 976 -5194369
343 913 -128376
319 221 9740734
764 20 -4823663
51 91 -1105666
178 595 -7592824
866 354 9740828
500 984 8233361
893 443 -6799295
842 204 -3710838
613 577 8294929
420 744 -9016468
994 515 -8733027
936 386 163254
376 716 7637010
515 695 -524943
624 568 -9017194
247 776 -8126248
576 396 5137584
158 924 -6782058
258 864 -499265
617 234 8053945
1000 765 7674419
294 244 -3435016
354 249 8875159
377 317 2439205
744 702 -5757178
55 878 -2184931
288 882 8135357
451 869 8212589
883 160 -1049715
249 255 -669177
958 253 8476698
421 680 7755253
822 178 2276172
992 798 7143014
788 659 -100466
615 888 -3547994
160 802 4570770
449 53 6839357
379 953 -4494137
455 860 -8095138
344 741 2945186
131 773 -6620935
276 470 -8499732
730 62 -5804073
245 529 3827826
327 351 4428727
769 545 1471707
665 600 8536432
674 579 -3386458
130 958 3771390
433 903 -6086505
463 503 5164549
182 882 4428501
422 944 -1913105
473 366 3775525
426 476 -2693386
760 872 -6566378
893 460 -4498108
137 765 -9241717
716 918 5528299
749 941 3828678
203 410 1004369
120 598 -1957810
450 910 -7753505
120 928 -2057186
741 396 -5997629
818 867 -3948601
310 40 -1099548
112 3 -5084567
543 880 -6031005
124 495 -9809892
371 780 8759633
143 695 -6821828
102 990 -4772343
167 601 6705300
914 556 1150317
34 696 5282636
898 107 -3966152
526 471 -4483077
711 584 1792183
835 822 3309997
406 591 -8458382
906 639 7877725
785 707 5496401
187 107 6508659
477 284 7394095
677 910 -3529108
552 13 6248176
9 405 -4544293
975 133 5063330
778 875 1374336
522 130 3375888
114 855 2638129
476 31 -6934503
450 649 8666657
40 138 -2747659
246 967 -7268763
597 203 -1931154
814 104 3725950
293 117 8731461
906 235 -4562125
53 688 -4258566
5 130 -4786337
390 166 1013183
99 702 -803902
325 746 8167335
103 385 -1561906
754 366 -3945472
38 821 3903184
535 193 -4015567
829 299 -1164214
805 68 -4817595
279 150 -910386
345 43 -3257960
309 878 -5538414
56 90 -7924568
879 37 4910443
490 801 -1042312
846 6 -3054960
985 292 9574531
352 36 -9211010
994 53 6913771
577 897 7170443
617 825 3452773
695 942 5874390
627 269 4978509
455 334 2987336
77 239 8956416
801 285 8929350
360 852 2750932
382 8 7539083
681 506 -7141830
315 360 2400343
238 959 1489359
259 493 1139702
949 597 -8526225
816 281 3512107
823 767 7888800
420 63 4111651
275 587 8418983
386 56 -8527157
598 37 1895428
70 207 -825006
905 39 -2226937
950 157 -1691340
268 719 -6975432
97 934 1722996
764 253 5353840
798 257 1579564
8 696 1982547
730 68 7271207
395 232 2754754
850 904 2160113
979 932 7091328
997 543 2175909
246 961 5961813
771 999 342454
207 744 5166602
139 51 -6652724
328 861 -8167554
200 624 -1401161
657 925 1649489
253 2 -5256120
548 241 -6948324
963 566 -6673079
243 350 7664447
327 227 -5373211
906 721 -3907519
382 371 -9260654
605 422 -7508177
274 677 2856828
718 984 -3607694
468 691 9725589
628 555 -6555833
96 995 7725267
594 162 -5670432
703 761 -2096015
983 451 -9649428
767 802 69188
986 886 -1811677
3 702 -9487189
575 647 1683532
411 140 4645272
928 341 932466
380 480 -8199749
289 763 1349575
431 10 2279141
192 645 8514414
966 493 2732863
272 88 -5510126
959 766 1456288
246 225 1111362
448 579 2195925
989 147 7965593
407 873 3113833
969 473 -1989377
779 872 8631137
951 13 1103335
82 350 8200961
754 210 4530443
532 516 6125966
863 766 8612373
904 414 -3676225
365 880 3565198
740 837 9193351
747 458 9670182
279 870 -5079037
747 642 -7673000
457 483 -7055357
261 832 1850685
853 638 6266688
529 344 2495073
395 102 -4720271
899 308 -1163548
71 226 -2481049
426 589 -3446619
1 601 4016641
27 500 -1948220
839 435 -1679738
451 524 9512676
371 550 -2950797
474 778 4038543
907 169 7900426
434 523 -8300644
981 165 5456313
256 962 -1556244
663 123 -3849862
10 742 -248551
504 672 1567768
550 302 2882328
251 404 -7817871
696 569 -9709432
374 813 -4238916
382 268 225812
414 103 -7924134
493 754 4738966
342 201 -9685287
500 833 -9827179
168 898 281183
414 935 -1036686
697 549 7525205
621 279 -4211434
247 188 8592470
905 542 -5685663
160 972 -105025
773 512 4005986
849 352 8224460
910 426 9614433
411 33 3193949
819 697 5889539
324 773 5082852
207 64 -3353959
728 326 2046413
823 979 3653549
829 96 2798918
714 452 -5837158
362 539 -5977503
54 423 -4569526
666 242 3961928
439 305 -3580739
444 457 6140317
791 398 1136850
69 604 -8072161
874 740 -4757520
140 593 -7971291
762 441 536428
85 405 -9683581
846 857 -5341708
411 415 378760
821 541 -9227584
205 135 -867339
137 685 2948666
112 47 -4409580
169 740 -100934
861 871 4735777
45 96 -9604239
648 168 4384842
475 756 3556049
108 263 -6198200
97 197 -8637824
7 454 4702269
554 595 888348
888 716 -348927
815 592 1683878
135 354 4221583
375 608 3537599
351 879 6496382
724 73 8209398
559 156 -8486690
806 947 4652449
187 887 -3813257
664 875 -2614643
734 692 -5223822
181 259 -1004520
67 931 -7384505
649 933 -1564521
800 489 7956925
208 346 -6544681
958 523 -1694170
892 105 2639454
214 303 -7171610
604 451 -5035193
849 241 8303071
346 791 3675985
690 716 -1324841
621 289 55470
312 936 6150061
993 247 3870911
852 844 4790746
248 828 -9714832
54 122 -8050060
693 787 4712797
897 39 6960079
790 818 -4085719
856 210 -251399
649 364 4355007
378 864 -9820009
76 262 7143301
552 311 -1882741
967 708 8974281
868 597 -3921772
512 330 -8927119
86 737 3684923
964 3 1776174
200 102 5622317
335 262 -6204196
407 737 2202784
335 224 -6704723
486 882 3847324
754 972 -1573453
618 818 7059394
321 793 312212
243 297 2509978
148 928 651247
579 127 2941849
546 160 2748748
122 984 4406034
1000 244 56748
842 131 8386845
246 279 -4291703
69 886 -7068320
950 869 -1925782
658 134 9985119
41 270 -5894569
55 416 1560046
94 124 -8596060
180 497 -4863474
837 119 9587259
563 999 3360242
12 49 -4892961
468 569 -5020573
618 272 -9699805
425 130 -6657682
781 450 -7632625
843 457 -6315613
98 435 -546727
781 309 -1132921
570 283 434479
969 622 -8555641
776 175 7746971
476 603 898159
500 466 7910011
424 427 -649989
389 413 -2309727
425 653 -7174798
982 595 -745558
203 366 6944618
507 348 -2502262
893 775 297625
467 379 -9565703
502 299 1774454
514 694 9866699
158 193 9800678
428 157 2652882
786 40 -1961060
521 38 -4658542
740 459 7502465
2 284 4665702
803 433 185350
817 510 -6280430
733 383 -8699628
311 878 -8890468
866 461 4828329
878 571 4707259
40 725 -9124976
693 740 -5830990
258 859 9771655
911 690 -3659876
304 169 -5967665
137 177 466323
243 712 2395582
993 828 -7253226
645 279 -3715213
632 784 -1215815
830 172 6194473
462 376 -2910270
875 713 -2132392
803 234 -6097083
267 735 -8235349
458 699 -2358555
722 736 -5466630
667 45 -2189179
203 883 6343365
482 542 6923051
653 842 5138356
836 848 9541408
871 346 -1481862
495 512 1296698
766 510 182758
365 947 -8636728
358 115 4481448
468 331 8476472
148 683 8921867
552 269 5102998
246 6 -7779055
305 380 1692185
246 88 -8767396
968 524 -7085557
968 701 -7862413
685 587 -1621856
175 129 -5779857
252 616 4363493
77 766 4506028
363 657 7647608
241 195 -6670208
188 431 2547227
646 147 -9438409
648 572 6907348
722 303 -7287035
481 333 6223516
513 591 -6076444
908 194 4560201
812 613 9566807
848 26 5482040
810 634 9954596
947 932 5920914
930 534 -6735258
68 247 -7439198
463 343 -8532363
710 423 596404
449 500 6921084
236 527 4659859
411 739 -9054995
153 843 1686943
170 42 6640845
605 519 9547592
22 794 4965642
737 9 7256071
393 717 -3415476
58 995 7877207
269 117 895075
514 941 -9305663
631 145 6214763
337 103 -7358243
461 672 9661272
49 345 -5635161
187 60 -6387947
840 825 -8451481
563 269 -3127714
68 264 220846
264 732 3640163
413 647 -1531115
911 994 -7529841
328 971 3276054
177 643 -6573394
834 638 4745763
425 295 188534
550 894 -7021121
503 519 3728038
425 601 -8591146
96 273 -847026
815 260 6249753
870 235 9424975
429 936 -2857500
963 911 8990929
352 836 -5822127
532 285 -2596230
253 507 -5769804
898 912 -2583187
516 864 7268395
864 556 22091
582 276 3896940
658 594 -8857508
720 151 9306476
280 853 -1088272
490 607 -9308366
291 673 3655331
589 544 6918464
888 819 3109300
628 495 -9129667
661 739 -7803269
264 95 2021675
247 859 -2539216
602 475 9629778
629 226 -1429265
89 979 4977885
246 424 1599760
921 247 7704215
521 756 -81340
912 717 -3377107
971 539 -6858010
151 309 8909328
240 465 -1403428
857 748 -2147734
850 88 -7791260
950 975 -9200847
245 857 -1715048
966 777 -5980044
810 414 -1647423
917 469 1533887
110 29 2336820
38 610 -6774869
460 670 -6388801
409 404 1531600
466 448 8959271
745 720 -2334364
814 106 6083080
282 617 -1818492
229 567 876225
198 705 -7537655
634 159 4888555
151 500 5361550
695 777 -5723045
643 998 -6693949
917 792 1150411
681 581 -5905992
689 497 5580475
205 95 -5938751
125 175 6268733
636 497 -1843510
239 531 16942
246 453 6442251
758 971 3432158
657 218 5894022
144 905 1580061
850 278 4856905
563 210 4212717
534 890 5764068
883 354 3795971
361 91 5315410
895 428 -9265736
55 694 1326779
920 22 -757062
422 769 -7472518
357 207 1690222
86 62 3472495
911 48 -9573342
710 540 5136004
290 915 9648024
449 172 7626738
148 565 9230640
640 905 1565444
65 509 -8910731
194 550 -6719742
209 82 4452948
898 94 -8002232
156 143 -6616974
987 485 5587976
341 702 -6484880
276 445 -9491183
526 386 -613071
363 239 7135223
206 792 -437693
712 260 6884089
965 78 37232
779 154 -3657488
231 582 -3921518
693 745 1544833
461 91 -3880094
950 530 -2550976
442 64 -5609832
719 981 -1550874
834 777 4873244
276 679 -1305531
120 808 5202124
972 212 -2298163
44 168 -9690285
259 298 -7293441
89 274 -2778725
632 839 -6468378
421 82 8028948
381 45 -6119996
419 288 -4046808
989 526 -2884183
973 497 -3752019
600 828 4288624
368 447 -2597237
437 290 6335111
782 602 6226277
234 631 -7732174
846 385 -5701769
583 944 7286408
670 541 441221
466 174 -4156468
702 85 1750607
42 985 8496282
352 985 -5066476
566 489 -8786132
316 871 9594045
16 371 -1510095
797 378 3302502
32 939 1926110
696 801 -2726433
82 703 2884921
205 327 2171122
643 879 -1176391
747 947 -9472937
933 765 8549700
435 904 -809723
255 960 9124794
523 633 -89898
541 190 6715703
283 185 -813086
589 765 -6485235
953 333 -1149110
884 515 -614101
98 112 -4455392
565 833 -3979996
224 288 200964
677 870 730879
431 975 -8071270
649 939 4506187
688 446 3212732
325 435 3468240
713 951 -9652548
718 923 6293628
750 576 8348369
706 727 1727872
730 837 -3152512
7 490 68172
881 874 9665671
180 749 -574144
779 279 4797376
866 173 9070150
594 945 9075629
525 555 7993764
56 750 -5202612
170 625 291781
770 138 3251608
198 580 6447018
700 425 3317143
78 775 -3282064
957 724 -8635166
639 689 8208316
34 936 -8675052
664 412 345132
453 59 -4814903
360 325 3581386
101 897 -3392752
885 331 8073501
406 234 8813014
502 342 6237767
376 511 9300921
679 942 -3918783
517 923 3414885
371 548 -1250108
217 51 3994386
617 778 -9414531
448 283 2049739
928 32 3619530
201 26 4525177
639 116 6291618
385 640 -1148905
927 244 -4580027
990 923 5887524
64 375 -3289190
34 631 -9250597
530 468 -8082766
255 951 5687464
188 828 4232133
724 483 5725600
879 210 9783070
498 111 4332175
385 272 5637849
335 108 675277
943 608 -5744643
931 58 925681
58 742 1744319
986 718 62055
421 654 -7190891
620 369 -3526321
586 768 -8964564
835 862 2812641
665 633 7686276
836 730 -6877842
92 853 -4387681
544 655 3338367
892 303 7802954
492 641 1331365
214 404 -30698
678 64 -9067946
925 835 4134967
840 231 1037869
236 80 -3178498
72 941 4344619
643 870 7194605
693 400 -2326786
231 202 -5712920
948 42 -1534885
904 186 -7986052
111 116 -2089897
736 166 972581
624 923 -6728461
29 606 3427141
201 767 2401972
734 685 7467631
51 536 -4671303
100 525 -365227
782 785 26003
799 330 7911887
230 701 8134562
381 656 9582863
419 128 2651253
681 39 -6112393
275 332 2370526
51 898 -7046515
119 908 7112727
255 50 -7369518
7 358 -7222553
148 17 3393564
262 287 -6025139
713 954 -3394428
112 134 7862259
75 88 -5574659
413 172 2192583
218 596 6176135
997 94 -104802
23 41 7244802
158 519 7407926
598 319 -833192
346 775 -8427330
318 670 -6351250
678 474 -387258
688 839 8697163
674 262 -2381864
925 223 4514148
582 147 3380598
268 299 2750652
491 170 7162737
372 147 1692429
404 227 4763431
273 447 -5720243
730 640 2236895
809 610 -6120538
448 742 2191701
542 1000 -1217623
399 900 5284570
898 251 9931127
56 647 -9638637
685 728 -8472060
969 318 -4128503
830 289 4944641
505 443 1027045
328 402 2565699
18 953 -1826457
41 271 1477272
860 334 5384415
100 159 -5043441
841 708 -2595301
248 368 -2252836
989 14 8480289
90 269 -8758363
2 371 -9661579
547 241 4219601
241 168 -5564204
551 817 5184124
964 947 7077548
565 727 -3602060
630 621 -6040063
953 808 -8859910
941 717 1803025
357 106 1027678
32 969 7900202
976 488 -86558
622 774 -3044910
684 861 6347112
200 323 -5260394
90 294 -5120873
524 423 6264389
193 990 -3172511
199 982 7382141
722 642 7484748
652 824 251373
271 971 8494228
920 390 -9297508
549 227 7526699
797 840 -9934065
619 970 -99738
402 33 -9284122
460 828 4976723
525 319 6989060
149 404 1293328
807 388 2962493
396 671 -2504681
209 947 6132063
133 311 -4783239
674 374 4985710
995 901 9334395
557 60 -9592599
317 494 -5798089
865 317 -4073828
50 807 111283
89 419 5461499
41 670 689764
510 790 -902959
76 369 7270333
222 509 -2546757
308 828 3318860
920 230 -5291559
268 810 8162514
990 599 4055502
38 386 7164187
769 955 7098076
583 798 6657955
27 314 8121417
893 659 1376966
36 163 -5680344
669 445 -7671843
613 912 7862001
148 28 3708143
805 129 -9338171
715 897 -3582818
30 935 -8978383
475 891 5601990
256 490 8953051
350 135 7773544
331 236 -7572733
305 220 8092021
27 642 -4188005
879 263 -7040926
979 605 -4201612
440 364 1993632
337 264 2417884
517 903 2837258
809 58 -4218676
477 228 -5622860
19 248 5398055
50 384 -3356189
496 139 -8500240
972 1000 -2334100
825 189 1334845
681 903 831623
680 533 296613
619 446 -7898211
848 463 -9834860
870 447 -5365984
460 891 -8971737
238 972 4798597
278 376 -1924250
599 91 -3161399
408 607 -5510874
487 911 8113489
459 124 9012107
205 87 1136252
989 961 2847465
901 898 -8330730
90 365 9334371
448 250 -6981042
424 10 -5937118
566 310 8276223
663 356 -4255678
242 102 -2990658
472 523 -5884219
867 403 -5547833
241 473 4780946
85 857 -2396535
741 81 5731533
402 873 -1890491
421 172 8219665
526 770 -7163808
522 516 -8249856
277 17 859090
978 489 -7635355
521 388 7282400
811 246 -2874801
97 371 -8917336
768 250 6296172
321 59 8633793
670 793 4510757
913 798 -946089
695 702 -714003
943 813 -7269540
175 532 -8420972
1000 919 5375886
959 758 -6577582
910 897 -8279584
372 5 -3974397
117 816 -3472305
318 923 6046485
92 653 -8674064
647 518 -6771225
280 445 -3722443
390 710 8517023
688 978 981198
877 31 -2379794
388 834 7298486
840 20 5526209
281 795 7395049
248 640 4945769
932 2 9186381
984 49 -2912716
747 585 -5024539
886 308 7226542
386 981 4081811
919 763 -3033479
327 465 -1679733
26 957 825301
225 605 -1544592
616 542 6892467
354 426 -6606536
209 609 6992077
247 880 -9250643
198 406 -4171870
279 281 6200379
400 716 8724142
459 58 983072
228 221 -7308905
894 88 -7465573
719 525 2001664
481 438 -220405
720 217 3729865
236 818 -2472043
812 742 5117631
194 374 1793081
101 194 9972714
591 722 -2307463
362 620 9085238
701 749 9522210
152 298 -6981866
233 628 -6011744
715 323 -3610444
483 5 7011018
269 460 7406496
759 884 -7382434
590 548 3821628
846 715 9074888
144 406 3581032
760 771 7515934
284 559 6687568
137 397 4713609
651 959 3222167
193 867 1210781
794 826 73641
716 52 8474038
323 45 -1275469
676 13 1815317
784 148 -9661222
156 620 -2700244
675 694 8998524
741 447 2658268
508 740 -6675494
662 617 2943398
29 825 3166027
644 94 7517481
636 635 4388441
272 620 1172049
589 602 1615554
844 778 5677142
848 688 4599366
893 801 -719562
388 827 7912244
350 631 8121099
60 205 1276588
677 549 -9092161
987 391 6024253
89 815 -734971
778 97 6564929
950 159 -2309978
54 736 6716675
471 592 7129957
376 532 52771
366 28 3235223
957 748 2532831
90 358 -8698920
367 478 7278059
517 233 4685287
490 718 5381583
379 662 3712354
849 395 -3160302
277 721 8175980
265 545 8668938
105 85 2041160
125 666 -3665438
626 767 7736728
445 54 1485579
352 786 1300160
449 142 1115137
271 328 2799098
539 82 -9017974
917 658 5223690
854 552 4024976
572 215 -500569
996 436 -6783510
38 792 -9301636
377 873 -126283
372 875 5535139
602 741 -6518482
347 26 9678172
79 830 -5804332
613 383 -2664339
142 472 513847
588 703 9426065
175 391 -8637540
926 352 -2840406
605 231 6654219
234 819 -9218218
705 482 -7501119
530 85 -8868710
496 980 116255
815 393 -7387211
534 558 -9776377
118 305 -976467
48 42 -4181190
213 773 -5240087
60 114 -3863032
812 565 -9994989
767 516 5598395
142 36 2555394
624 648 273041
220 466 2923502
742 346 -3790828
118 940 9278488
470 763 -8696549
543 536 1091048
775 712 9070359
424 521 -1015046
534 461 -6994453
809 720 -919259
790 929 9704239
750 22 7010589
540 528 5836647
614 507 3674891
277 639 -9480535
267 470 -7110661
625 1 -1416943
264 967 7768095
929 400 -6099734
349 879 -5463570
898 292 -6705236
534 911 -3039620
99 307 -2453845
659 77 8819687
535 207 9423897
757 753 2169491
74 860 1903462
281 91 2329971
506 890 -2387928
460 975 -4729687
431 459 130032
231 218 -6349719
91 580 -1228400
552 778 6860377
13 199 1354782
603 700 1658882
207 445 -7465043
393 487 -902784
29 1 5788238
832 199 -3924120
373 366 -8741393
357 733 -4547435
680 131 3288814
884 907 3083624
711 4 -7422388
372 843 -6457977
258 785 5669488
218 304 4394482
130 930 9378414
301 121 -1329770
849 414 4040167
732 777 1224535
467 346 3757531
893 85 612949
196 593 -7220648
365 585 -6042940
288 558 1200952
536 396 -1826451
333 16 4501699
23 559 -3784229
859 465 3921426
145 794 9792923
856 509 6106511
440 35 9071047
638 442 3052064
794 356 -2049324
585 942 9341707
747 898 4900744
10 447 9189700
225 568 -2718644
877 214 -5727598
266 842 1952041
614 544 -995079
426 782 -6591617
976 798 4851935
481 554 5719394
739 12 8733515
890 653 -9084363
79 104 -2681748
349 215 3336446
577 665 -4502036
597 733 -5178572
567 698 5507384
315 85 2237915
551 689 1296169
730 121 -2754144
25 641 8713438
205 226 -2710757
656 797 -8888009
269 234 8164466
94 607 4188011
349 304 -8290675
216 843 8642381
425 388 -855983
775 692 5190729
829 680 2633524
383 20 5920622
317 438 2594576
210 284 -7123220
662 741 8178655
44 221 1087488
739 275 -6974970
513 113 7336171
20 264 -4840802
668 796 -2049780
528 198 6513575
672 874 8354745
514 423 9356813
460 325 7610806
300 176 -6031266
749 186 5810782
809 1 9846395
481 757 9145445
504 207 -7332432
353 494 709003
556 929 5208660
655 763 -9457645
967 670 2363202
827 771 7194865
557 901 -7475043
832 780 -6236028
902 651 -3083226
936 709 2511093
213 881 9500660
666 492 -4898810
449 700 -5006614
319 462 8620357
170 404 659768
171 831 -8317766
200 719 -1751399
293 855 -2663071
486 378 1477778
283 207 2731579
484 121 9117617
229 252 9649197
181 725 6546017
45 63 9290501
963 46 1472799
38 822 1534343
617 471 208064
391 641 6969615
238 241 -7205836
801 11 -6900190
281 207 3602547
733 76 5287666
510 268 -2756873
489 773 8875720
702 384 -8933701
222 874 8702858
957 150 5216061
809 911 1610920
710 661 -4915305
942 846 -8355015
623 652 -9536576
736 64 5113720
195 458 194230
880 371 -1869424
313 335 -7748662
334 301 5643664
819 352 -9983693
975 850 6213966
859 710 119832
47 707 -1017580
517 473 6973637
337 547 -2316215
449 802 3169718
177 544 5941991
310 403 720921
24 879 -3951604
574 257 -3923052
954 606 -7225782
514 349 9194676
458 704 2233856
113 291 5652413
623 630 -7536105
910 438 9599797
310 219 8024928
467 747 -4679126
32 913 -2398381
201 324 -229438
478 717 5494041
1000 239 -8136684
620 195 1088958
402 560 3577301
595 491 5475950
886 350 3812600
990 848 -1995058
925 263 6552951
560 33 1843584
125 978 -9784605
615 188 -6218695
105 766 -6175652
502 937 8751958
406 866 -1463008
671 735 4029490
217 500 1801465
103 813 9770071
56 784 2975795
117 688 -5637169
477 30 3612503
616 58 9536225
787 435 3110453
216 622 9131259
271 157 -2135949
419 490 5258933
694 249 4378475
167 591 -3287122
782 29 8759762
981 159 -9939870
761 232 8277165
148 513 553321
787 215 6222127
794 646 -8102132
451 381 -3086620
719 230 7338511
389 332 -7022752
783 526 -1146322
618 776 -6674586
477 84 -9566744
774 784 6254807
268 668 8936687
737 109 2668463
917 229 -4262240
92 488 -2561881
650 212 -5960328
820 919 9699922
61 937 -5918814
642 640 3989414
700 115 -613033
134 223 -8104018
7 448 1085505
182 893 -3188793
136 524 8302089
500 878 8943836
138 907 8866502
915 30 7057297
725 475 2005736
811 291 2852528
404 288 -817647
148 378 2724996
78 42 -4739864
871 901 -7086668
926 590 4097650
631 884 5249813
979 504 174752
552 69 -1288574
886 17 1414882
961 354 -2077976
696 118 1766754
596 115 -5218556
783 256 -1652256
958 680 5474951
361 17 -8684999
701 850 -8084472
340 226 5085251
54 2 5102424
277 119 -1851
124 485 -2798356
742 794 1716992
705 387 3369583
256 393 -8020465
773 854 9925405
857 730 3209904
510 925 1606093
790 82 1352985
994 881 3185283
921 841 224766
487 672 -9628117
110 662 -2662593
235 427 -976340
699 603 -8277243
530 433 4378467
934 833 1754470
942 723 3300315
680 432 210471
978 972 -2473367
292 136 8948170
765 397 -6627978
901 547 -1893801
434 233 -3959202
132 442 1487968
413 45 1336427
767 824 -6603509
148 331 -4773362
73 643 349126
107 983 -1847864
501 816 7492346
262 390 -6155
789 285 -6519394
307 624 4542313
682 139 1616241
732 440 -9171595
863 160 -7942957
438 862 -9699107
935 426 -4973915
362 591 -284149
568 17 988287
943 879 1014824
604 598 -1696970
369 600 -9837658
606 579 3281475
420 157 7951926
146 912 -4123783
814 121 1167151
835 439 -3029125
964 28 9784730
77 233 7370967
103 668 -9183467
2 168 8952221
861 873 -2272632
812 490 4833628
1 825 -3940530
762 944 -1666991
300 673 -2241072
114 702 -1585974
286 400 4280096
737 399 2588319
377 44 -1053008
790 849 -4458445
466 851 -6606830
761 549 -6386362
175 742 -5775639
572 289 8660785
422 555 -8927281
904 96 7595663
405 140 -5413752
18 381 -103310
64 446 6522329
70 135 9488101
407 881 -8965497
243 781 1286298
254 749 -4511194
417 797 3231494
192 669 3048762
742 248 -6327842
893 564 -2358027
14 770 2320447
861 683 -5081886
388 704 -8628718
52 906 8285147
66 221 4495067
789 516 8648060
125 932 -1355226
653 655 -7285687
611 837 -2207147
253 258 -207877
38 871 5899130
730 692 9891698
335 978 5436463
915 824 8405441
54 311 6466481
879 947 -8358434
161 86 5569254
512 941 6265406
61 639 8198966
368 796 2997372
367 750 -2243141
191 967 5492381
19 57 -5228965
368 460 4305557
784 617 -6164028
379 366 6103119
166 32 -8271001
98 93 7980295
400 748 -5132932
4 152 2227050
546 816 2439599
498 172 9493465
35 309 -4259221
133 916 -9736409
280 827 5047382
740 22 9055925
578 289 5323796
649 224 -13322
744 626 9824816
621 186 5112604
872 726 4401306
579 897 -8940577
732 48 313549
349 885 -4928574
749 920 2810810
230 492 -1209817
580 811 6328080
728 435 3101631
656 560 2352047
246 963 -1509968
462 226 -6415181
129 878 -6089692
840 698 -9275632
29 228 -5008912
283 359 4835150
78 567 5354551
291 926 -5285872
3 633 -4062263
249 877 -9521763
321 291 -7940043
884 979 -616208
640 170 -6982221
697 241 6284764
431 209 5454928
885 273 -9800701
400 242 -6734911
82 200 2378838
146 251 -8459263
908 399 8863975
756 881 2060543
55 912 4243946
793 774 -2994709
287 326 682705
920 543 9860206
63 144 -6680036
977 351 -9083957
747 136 611827
2 121 -2869278
938 936 5411699
439 589 -6163146
293 597 2074033
836 831 -662324
258 803 4729352
783 209 -6830234
685 189 -9593539
642 188 7754848
615 313 3977452
552 277 -6500
969 38 1177843
189 105 2997691
850 150 5393958
424 789 8279744
5 121 -5671479
626 995 -8227314
709 413 -8176485
510 337 2096789
839 384 1945122
58 86 -2875382
520 488 2904302
249 999 -7250498
349 134 1483117
950 405 4149369
123 278 -7037194
10 886 1537563
742 962 -9104846
801 314 9184409
602 823 8678313
409 8 -9078192
951 184 -2169959
194 549 1957597
336 806 -7043376
913 602 -280085
162 184 3645193
30 989 -2256220
930 619 -7416978
176 82 -6187536
131 892 -5865292
722 108 6429571
532 577 -601557
516 820 5996824
261 200 -2886413
945 122 8125349
356 966 6889176
724 215 -2919127
548 743 -222942
726 739 9185448
133 676 1958154
389 590 -6599581
260 451 -4104805
934 53 -4738785
343 707 -7293709
936 929 5603406
426 901 -5567401
683 756 -3303461
867 732 -7553040
237 120 -7472371
728 567 5554468
316 929 -4670422
632 480 2448294
229 756 -8492540
285 895 -2525118
229 346 -7747795
93 71 2774303
947 954 7793067
178 243 5325903
116 323 4846052
267 371 -7182580
554 162 8509675
287 516 5513546
431 318 -7121282
667 222 3394335
427 742 7404338
484 517 -836140
221 102 -6563042
403 537 -7296291
144 455 6080652
350 664 -2401636
293 294 9726813
931 741 -7523570
435 95 -6680334
577 898 -742947
863 875 930063
815 74 3146366
531 984 -6319403
105 658 4750154
583 709 -3571662
589 617 618515
533 63 1887083
555 227 6661520
773 990 -803318
723 967 -4397587
356 209 -125742
408 723 1520453
486 30 -3744992
735 496 1119728
186 27 1957380
251 861 -261419
549 728 -6390807
821 660 4279500
924 754 -9091656
482 996 -1856530
200 434 1786622
834 640 -8548791
139 656 1987282
235 120 -1707686
376 267 7418413
515 550 8128554
678 956 -708373
712 968 -3330307
128 867 5210724
145 207 -560754
749 892 1996792
92 519 -965441
132 491 -2596411
113 715 -9412227
961 472 -8521423
643 571 7158420
260 29 6007774
279 65 -8534573
278 388 4426453
483 532 6678885
249 253 6869675
459 356 3068181
1 666 -1394662
697 436 3667029
968 758 -8339095
63 915 8129559
479 44 6578279
371 3 -1292071
369 326 -1114613
839 214 -9447839
353 821 8372615
373 681 -2033518
232 778 5458774
353 198 -7189557
979 662 6388531
930 871 9517060
420 942 5168142
672 675 8080357
517 376 5202809
174 708 7150825
243 474 7561603
563 338 -1948780
292 951 -1887437
224 53 -93437
749 582 -4607343
211 61 -8930141
727 872 9569392
946 962 5973756
260 608 -7255600
810 365 -865730
152 364 2827085
337 437 4448611
368 178 8008689
723 245 -7125586
325 472 2829433
752 216 -3711910
974 961 -2002829
694 668 7258934
93 873 -7499319
40 746 1496845
987 167 8501829
987 837 4828346
446 714 -8990503
16 607 -2421822
644 783 -1969327
214 726 6783190
387 647 -5830725
934 9 -4488094
131 578 8225647
657 796 -5066973
579 850 -2074657
792 583 3075133
744 317 9006485
726 169 5294208
735 417 -2071819
275 424 -4998391
643 583 -8032247
836 763 1966324
901 37 6488909
434 209 -1366818
461 44 8472561
950 434 3485261
473 424 -8401645
932 632 2606015
617 396 4175815
130 497 7828019
350 600 2213001
937 551 362567
351 430 1583205
621 929 9370385
973 965 9250993
1000 146 9815179
378 741 -6931393
879 910 -9177911
970 208 -5667067
34 31 -9715291
614 286 -5521055
309 297 5892851
847 468 -7121515
474 694 4215507
981 672 3742028
7 341 -1007549
55 424 4644346
42 164 738042
405 802 -681834
207 594 2545890
788 763 -3421916
235 795 882327
810 188 -4966709
511 492 393300
890 386 -2594681
292 320 2439745
983 9 -4425058
781 425 1703344
102 679 -4839798
511 197 3910925
348 369 -729851
47 973 3407522
367 431 -25596
33 642 -8867247
505 347 2536294
955 605 -9567384
750 624 -3351183
811 605 7507001
754 477 9589779
852 634 -2862716
995 381 3890584
557 567 -932741
140 495 7347704
863 197 -732025
507 343 -5320884
694 870 -7361638
869 859 -3794109
225 257 -2759226
474 391 6682016
385 275 8393479
41 695 8701244
56 17 -5631144
825 86 -6176193
698 408 1545095
26 187 -2991791
406 422 -6593492
840 979 -2738424
700 398 -1982749
155 733 4963835
761 335 -1389460
264 312 2311994
195 903 -5840198
63 150 -2798258
87 858 2863086
29 607 -5835606
616 440 -4263721
900 283 -8550945
974 15 3124866
970 95 501474
409 854 -106633
910 686 2301360
578 898 6029928
421 105 -2071774
406 447 2906392
457 307 3635314
387 240 9019209
239 827 6081551
409 552 -7881600
546 480 -2449989
555 406 5998564
874 928 -3084424
86 517 6288485
335 223 -6221395
499 24 -454569
411 697 9093569
317 124 -22399
730 27 4779706
651 520 2246524
763 155 5944536
370 148 9899174
65 860 5941174
116 161 7317632
51 853 -8764719
4 292 5297376
429 732 -5464708
326 631 -5710686
881 4 -6702751
533 817 9806359
372 431 -8337689
203 222 -3469884
349 350 -3603246
566 381 7702225
719 850 6989497
770 679 5699671
226 352 -8184975
494 989 1487658
586 658 3230998
921 143 6613682
73 278 2252105
413 116 461846
741 131 2172523
982 198 254898
321 903 6325755
120 58 -5161442
754 640 2183608
131 411 5675830
62 623 -7865161
94 990 468290
418 269 -1480294
390 185 2366528
636 823 9267431
361 500 591293
385 400 7704746
93 624 138293
606 947 1727772
634 957 -6258961
766 21 -1370727
735 755 -8975099
160 272 8752093
709 554 -6072743
847 899 -4723236
816 939 -8171552
231 884 5181683
368 143 8015376
548 933 3209537
854 914 -1683941
156 188 -1906196
790 827 6646237
781 592 771739
51 728 -2778867
343 312 -4323728
838 384 9497863
41 501 8529055
934 775 -322215
794 110 9007038
470 683 8436532
591 742 -9393720
668 863 5289223
973 499 -1150652
534 681 6817699
377 822 5067639
954 926 3034569
610 657 1244513
957 808 649092
648 371 7272173
856 513 -9427195
716 828 -2669287
428 725 -4719155
878 573 -13692
657 601 -4037135
551 869 3980321
812 6 -3788894
316 753 -3016518
214 308 -7627409
952 340 -650027
916 557 -8647396
784 10 5635352
607 681 5952067
903 745 -4635557
663 923 9828796
784 294 8625490
517 150 -8927610
987 831 6205679
471 563 -1395696
628 574 -521025
594 321 6297847
926 253 -1553007
351 402 6507624
86 537 8740544
787 514 5450671
580 421 -7821386
677 78 -36389
288 4 4386688
99 87 -7286811
865 737 -3634254
868 904 -8501884
45 790 5372478
929 742 -9962938
284 615 585199
186 713 -6241483
947 115 755727
885 220 -2878884
162 579 102185
14 920 7987732
91 55 -805537
926 663 9624810
555 469 -7801159
471 703 -9485114
886 986 -5286396
712 586 -1386719
919 217 -2663502
896 594 8205829
695 294 -818415
390 665 -4650763
692 356 3626045
966 635 332123
851 254 -2164204
169 673 -3653615
965 843 2070339
926 268 -4014364
603 921 -4813151
954 697 3541668
950 446 8401364
719 162 682339
314 824 -5145946
392 58 5083350
890 477 -7045043
408 940 -7842030
340 165 -9348391
211 691 -4828315
993 969 9380125
612 701 -7965282
586 784 -8828438
446 596 -6665909
136 885 -5858453
776 206 -6494278
645 791 6069348
18 514 5023487
614 499 -3199785
557 753 78479
835 271 3676121
700 985 -9041134
261 164 -7742193
311 724 -4600150
593 180 8552257
979 710 -1529870
590 403 -2173119
530 224 6718499
119 788 -5535749
384 923 -5449335
372 774 282853
333 727 8119966
869 865 -4338934
215 236 -8982527
320 416 -6093247
90 477 -9084129
377 633 3626900
830 492 -6939442
137 795 7476352
312 917 5085716
265 14 9151510
652 331 2809173
402 511 -9273666
289 721 5595945
512 693 -5199064
510 863 -4473723
903 801 -2816455
360 480 -1915692
402 342 -3502910
327 703 -5519589
575 809 -1032519
116 754 -7791972
990 406 5166118
393 654 9214162
848 652 -5639311
243 756 -2589232
375 137 6020791
707 919 -3726273
112 752 6524176
205 648 3883591
353 552 -6142291
462 828 -7613927
467 905 -1499183
86 130 -723231
858 716 2254774
101 992 -3529837
823 173 5850606
691 8 2055703
266 536 6707898
801 763 -4473844
90 611 3316703
935 360 6684397
190 342 8176241
63 684 1061811
903 287 -1211147
817 58 -2892098
93 340 6982080
393 255 -5344409
112 468 -1672840
252 628 1570002
951 285 6813930
795 875 5454047
256 128 -8255084
720 806 -6599666
217 483 2443699
992 88 -4029875
915 644 -312095
80 191 2760885
941 590 753505
727 980 3196279
44 454 -5716380
533 103 -4801491
594 67 -1798478
273 670 -3244094
236 116 7469465
994 876 9331193
855 433 -1621496
617 975 -8906099
672 230 5945542
406 300 -536902
680 216 -9336512
471 85 -2882533
55 145 -7502236
179 73 6632221
434 256 -7835193
717 237 1611367
490 931 6312596
287 632 7763218
434 153 -8417530
212 463 -5388551
654 17 6010533
543 176 3107473
996 632 -7548248
544 379 -1447287
479 918 9824807
403 736 -9380526
303 905 -3003320
94 845 1644024
820 751 -3694393
162 592 6438759
851 53 -2035103
204 817 4535054
759 400 1522049
490 500 6104001
479 795 -9659208
724 954 7319596
31 664 7890050
619 826 -7671904
175 607 497911
442 105 5831226
320 75 -3893647
191 914 -2539012
455 3 -3089423
522 866 1151651
21 257 8693205
914 520 -2934764
495 383 -2598382
877 235 8782708
407 681 2659462
811 122 1226337
559 808 -3118817
270 692 -2199173
949 801 -7140679
110 265 -296518
677 443 -5202906
24 757 -9966630
931 79 -397035
583 641 9103914
3 620 3534338
625 261 -4078932
513 62 -6535551
694 805 5739358
68 254 8381432
51 481 -3390379
751 333 7933585
571 707 -5394669
677 34 6291096
946 293 9263139
482 512 -8746070
661 413 -5526139
293 599 -4211799
944 79 7940015
280 928 4605797
684 992 -9477883
410 560 -3657338
896 833 -8387068
930 800 6769190
819 774 6387083
466 23 -3475921
75 509 9115173
855 738 -3611763
145 995 -2402107
295 318 -8378773
902 261 7094077
184 501 -5446852
792 878 -3405480
868 381 -8664200
925 968 -5770525
5 97 1992173
607 877 7741391
285 822 1080949
982 225 4938123
343 353 -3258677
387 839 9215833
393 893 -1799528
924 817 -318837
484 735 891213
312 672 -6784210
264 7 -8600120
700 615 1355440
750 499 -909623
671 202 -5609909
452 5 -278243
360 774 2611441
258 74 -435543
803 463 2566816
691 202 1349187
768 503 -1058732
938 417 -5959100
78 630 -9367880
18 567 -2002821
765 673 -2842934
139 499 8203749
785 596 7426762
824 626 264158
631 581 7462023
193 982 5786958
87 351 8638621
627 143 6978242
148 517 -6473005
194 539 2612316
270 829 -7490191
982 531 1916434
84 514 -2762066
836 892 -4476117
160 762 9148728
923 704 -4786027
440 663 -4794755
139 740 2666295
874 466 6636523
26 45 9178749
426 170 335277
265 109 -733750
977 835 3015801
973 823 9157664
158 856 5596581
992 435 -6060742
871 765 8352310
401 227 -4812972
295 440 3667560
656 608 1883542
393 184 -6965699
459 170 -6456706
167 974 3944084
979 434 -4921211
558 384 6804278
65 690 9205680
588 694 -3074421
313 968 -57821
688 970 -3306463
258 319 -1112230
909 951 1633205
964 725 -1635826
542 464 7295265
738 710 -9735888
251 849 -656204
17 210 2896529
101 699 6997394
345 815 -5898540
755 576 5095872
144 355 -1721104
813 282 -1657472
864 162 5677794
444 511 -97651
160 444 190652
995 807 3745369
99 27 6968461
639 793 -2342749
488 266 -8760540
519 659 -6931244
313 667 -5666624
396 365 1310325
102 877 -1155059
314 268 7252620
843 800 9736852
958 40 -2544696
659 144 -6862623
222 447 -189276
465 648 4025744
59 334 -3272546
404 518 -9938084
535 713 -1577590
240 219 1740576
502 491 -4115461
229 24 7379504
841 258 2418870
994 885 544603
226 271 2789837
344 901 7867585
255 860 609699
513 670 1245802
797 980 -7806613
850 557 5710695
403 307 -6664178
600 865 -6554651
566 786 4154113
935 632 7012954
634 478 -3851569
706 146 -2694503
445 872 -1790207
214 289 -3701409
974 417 2520218
853 515 -9749660
680 811 -7598696
136 85 2294156
512 556 1586471
156 865 -2524762
630 444 5686292
563 240 243576
11 647 -5691477
861 367 283801
188 453 6130243
14 361 9292958
281 394 -1710193
226 579 -8899862
144 148 7289005
980 193 -6041630
869 239 20601
997 160 -7850293
581 202 4159734
34 534 8941654
207 132 3109929
10 452 363276
314 389 3452874
382 733 -3292875
30 331 -1553223
407 82 -6932340
772 675 -6176950
557 724 -8026574
374 443 8425357
672 679 716054
237 817 -4111668
641 119 6792163
366 334 4901207
710 384 8565140
628 118 2038600
55 730 7073302
748 782 6639956
283 486 -5335573
922 117 -4362233
837 479 325351
383 767 -3519816
239 930 9223995
482 422 1557511
774 809 -4702282
743 288 8938528
46 18 -4818321
900 285 -1295067
380 983 -5840220
172 689 -564647
561 188 5126281
709 928 -125489
754 911 -4539535
512 199 -1182319
2 786 4013501
852 903 220638
300 830 7984428
284 557 3187145
48 290 -840537
656 425 -2039464
58 564 -5503849
909 112 -5247278
818 736 3218277
595 999 8971301
640 276 -4062789
855 910 8237530
65 32 -9505224
226 827 -4848121
968 599 -1901521
163 628 -613623
834 741 1081195
793 24 5269621
995 576 -1785361
86 30 -6214917
409 512 -4953538
303 675 -6649397
462 581 -8233520
866 996 8517328
451 828 -240023
63 180 5582910
812 846 -1876122
656 521 7814585
581 577 31051
736 305 -82641
357 110 4341645
534 578 -8195783
162 706 1320718
716 58 1103491
685 388 -927111
673 677 2324168
549 497 -9748270
791 222 9166012
88 295 -2831921
238 613 6274103
992 808 -5676190
261 872 -9861332
820 806 -2710781
899 558 -8786047
749 26 3837661
720 412 3528724
779 665 5833488
482 266 -626636
492 170 -7898
309 194 -5312367
100 334 -2494407
130 118 -6374499
895 321 530473
973 453 -5856188
886 404 -9590556
452 643 -3522855
581 995 -3495826
63 468 -5961640
65 560 3477823
693 91 9867713
127 981 -2986602
433 937 370637
444 208 9495277
65 771 -4066238
551 392 -9507183
297 445 -8071397
890 220 5302776
250 638 7151889
820 157 -3924151
868 840 -2716693
745 965 -6485843
194 593 8663537
616 25 -670343
685 544 9996119
558 828 -6214621
103 746 7693650
103 206 -5426875
998 347 -742300
670 517 -9300039
889 287 1852954
497 576 2444075
3 127 -2836779
293 710 4693043
282 421 2042733
562 929 9021695
327 247 -9125705
862 244 -3062873
436 172 9926523
538 502 3173014
586 116 -6683874
524 620 -3482066
28 657 -8821843
929 200 -7568902
420 327 4330853
108 283 4696285
934 737 1295323
576 722 -9293628
885 130 4609448
328 836 -292182
466 73 961913
648 163 115992
253 743 3680121
71 53 -7950444
214 275 4104611
325 966 6793688
22 421 8956098
155 408 -3482126
818 785 2688579
654 949 1148971
759 520 -4270908
32 519 520711
866 148 -7814854
393 539 452085
690 219 8055395
873 275 -2754958
410 913 -6409123
502 385 8063040
778 190 8360235
490 983 -2370632
203 188 -4007764
210 666 8617853
82 343 7517240
447 709 5007720
825 994 5227859
919 184 -9017716
386 708 -3949197
989 84 -9751610
253 166 -3587279
117 562 -9537967
476 549 5627406
749 332 1408264
849 510 -1714310
336 39 6814092
652 34 -4982107
274 948 -5549568
378 311 -9362692
522 507 1723254
497 553 -5567996
347 207 6810395
889 297 1130621
544 904 831533
827 73 -3415859
99 427 -4873286
118 780 -9371167
80 855 7002236
837 325 6370803
495 353 -3518050
379 615 -7864902
512 856 4247501
959 240 8408328
173 745 2447774
584 282 -3946212
924 254 1207190
870 876 -2360820
607 587 -2290673
80 627 -9522409
375 292 3653134
223 601 -282500
339 71 4419453
140 916 -518182
782 442 -3985057
717 945 2000921
284 973 3581603
792 3 -7348210
921 421 -2628369
634 423 7403054
767 252 4083799
340 674 -9915985
106 56 -1614644
860 38 1790157
67 923 1317315
667 293 -4358897
377 710 -4066884
273 356 -2411944
933 620 -2610609
677 384 5753048
392 680 57426
402 856 -6427733
797 572 7278566
190 308 -8073015
155 921 -7654161
263 364 -7736274
788 752 5046428
231 208 1411254
269 850 7979329
246 725 -7555645
465 731 2473763
790 880 -5989078
496 448 5489716
115 24 9071625
139 604 8062327
120 791 9989199
184 724 -5854680
919 278 -30106
535 967 5844397
716 942 -2542966
980 597 -9527688
716 776 5485504
223 519 2062132
377 413 -3313992
455 582 -5845345
887 376 4086695
552 216 3750062
811 372 2811313
323 495 -9387832
331 262 -2691822
343 927 -9595348
948 718 2701771
940 486 9595638
576 438 8895822
540 331 -1278581
658 57 -5268300
765 357 5607302
461 422 -6281305
1 339 -4375549
382 917 5499450
5 303 5856804
514 816 2368582
861 363 -1044266
848 660 6559938
352 41 1877407
872 594 1607937
445 375 -2153375
584 114 -8346594
161 675 -1524241
743 266 -5698427
698 981 -8308314
535 579 4226978
477 178 -4855166
541 566 9133639
911 336 -789028
759 985 -9450425
630 565 3955884
118 880 2101525
715 297 6608032
396 133 2263344
663 973 -6938305
40 243 -9155804
229 701 -2627363
797 172 -7500567
879 79 -5844302
712 878 -1494609
167 437 -9751037
74 189 8004981
323 888 -5455086
815 497 258062
257 669 -2197423
386 64 -9728878
592 997 1734574
660 556 -4725157
654 518 -1454637
425 910 -9862010
604 627 -4995082
672 867 6819623
36 922 -2204045
433 439 8191112
336 145 -8282368
156 609 503745
474 332 8705103
807 792 7743559
648 82 4376898
282 594 -8691410
323 656 -7283161
945 523 -1984259
711 285 -2783542
816 285 -9998657
1 228 -620962
842 591 655831
469 748 1241343
485 631 -2553832
839 851 5418472
439 715 7771576
625 445 4341760
950 809 -7443876
3 935 2590439
371 89 -3654935
504 25 1543116
702 998 -4050255
561 510 2269853
625 406 -4678236
845 473 5008235
604 786 2961861
547 370 -8477264
466 763 -2770091
316 774 8190813
786 138 -6397637
421 501 1903120
2 273 -9847098
942 185 -1117413
381 216 3220358
359 116 3697708
567 449 -8275933
602 312 6288173
147 601 -1767172
838 441 -7728988
196 833 -514255
749 774 -7432871
358 51 -1885646
266 89 -3684805
740 335 -7131396
359 732 3645894
670 671 1441921
475 22 3140405
344 297 -2138490
695 855 -6782920
809 102 -2387815
205 204 -9875006
103 108 5987858
470 312 4704492
458 309 360998
965 346 -7000153
730 237 -3917985
577 728 4757426
457 749 -3311635
395 587 4723114
497 218 -166002
409 712 -7693818
232 832 7718222
363 726 3591040
53 348 8575137
288 519 4141770
601 392 11526
4 234 6876015
586 501 -3609787
959 448 -4757591
379 240 2327344
363 121 -5657503
741 902 -4777721
113 954 1282822
416 240 -2495135
942 703 5838394
197 561 -9423183
175 237 1817712
275 268 -37628
55 182 5780896
533 142 -5928227
460 879 -498482
710 41 -163263
117 455 -2790992
670 391 -1192830
581 926 7467682
647 132 8860353
860 225 -6495644
105 61 -5040200
1000 803 2467750
246 703 -5713674
215 571 -8674112
106 792 -2844212
665 516 8150405
329 64 -5918156
741 261 -2318366
211 616 7812583
345 492 8778739
303 119 -4211493
659 4 -7749518
182 872 -1737809
872 727 -9085060
809 150 -2343859
452 326 7162946
601 959 -1414397
258 313 -8544355
592 624 5306087
69 344 6269828
813 707 -9905422
410 392 1290365
51 834 -2484741
17 462 -6875246
504 881 -8760284
22 753 -2991122
781 293 3757188
863 621 -6324947
595 310 8661845
867 27 9969221
669 783 -7694952
42 394 -5399798
73 688 5576622
362 410 5408848
827 492 6770366
332 65 -3201100
705 642 3166130
474 374 -2406464
280 138 -1157987
309 53 -7245424
312 724 8906374
906 748 -7990695
57 950 1376103
734 707 2073993
980 198 -1453780
630 606 8958063
311 849 1290661
120 724 -327079
481 792 8019605
359 10 3248127
84 544 -5930759
787 817 7852597
453 193 -9741490
709 308 6622789
986 757 8553046
91 53 -2686583
964 598 -8236587
255 97 2199832
229 673 -7561660
924 373 8335268
358 593 8026339
677 353 -6093264
423 227 6152959
948 936 6810937
96 728 3674601
723 868 4002786
72 707 2752270
972 85 8229976
808 804 -9432334
527 438 -7418873
735 669 8715550
194 422 4867394
506 630 5284267
571 653 -4363019
145 88 -2838181
459 319 -139494
151 591 1088725
389 53 1231599
779 491 -3749690
573 197 2637477
922 692 5515220
827 468 -9751001
262 806 1478641
184 611 -4298102
33 912 -9824163
498 284 5685027
721 688 239086
60 504 -5204555
106 202 1472663
390 67 -1907098
288 977 5026088
885 755 2363365
524 29 -8639676
780 202 -3421857
785 402 -6216680
493 605 5324517
873 221 -1870996
82 588 -5127725
562 871 6441897
771 982 3264528
369 475 -321475
701 213 -219117
896 666 9375568
403 883 -1320956
235 365 -1774840
16 593 -512830
659 645 -5188049
493 968 7412135
567 297 8477718
169 773 5375489
749 822 -4119306
426 857 1721120
416 444 5391529
657 253 7038979
463 880 -644124
932 356 -3270054
322 910 9552342
835 119 4347774
403 946 8028394
366 503 1416161
198 637 -1287676
869 774 1426582
797 13 -5414618
82 332 7510366
560 826 5121705
334 565 -4727786
317 231 -3659443
801 152 2761103
383 503 2210590
341 650 -4222609
747 671 -2608015
246 519 -1624269
379 550 370965
303 634 4136369
35 574 6457815
535 761 4197689
311 531 475619
323 512 -6034865
871 768 -9953096
408 518 5002261
988 70 -2091572
925 669 -9572004
426 969 -2734607
494 508 1538866
442 746 5660800
834 852 -6872502
547 359 -7693936
686 459 -8071567
22 9 -6281898
794 839 2167226
474 180 -1710134
938 357 1959235
358 805 -9102133
88 675 943814
435 220 -5257839
75 310 4140092
991 750 3550830
184 438 1238235
273 145 -2380645
377 600 -4426795
644 458 -4796984
198 733 -2430898
776 520 1276454
694 209 5880464
261 294 5030794
152 975 3633003
683 557 1182602
982 278 -2243738
691 660 -2918979
440 995 -9160395
319 554 7409579
651 517 -5451502
59 790 9144407
144 53 -9705333
856 360 3657144
653 203 1058257
48 145 -6819201
621 316 -2495987
666 970 -4110716
335 788 5526594
606 604 171773
56 199 3070062
992 452 3305190
82 456 8860774
224 214 -5159691
291 743 -9521775
91 471 -9191504
154 576 7538274
99 371 -6605986
543 517 5197848
347 94 6749067
413 536 9373646
860 347 3904169
557 742 1805764
978 282 -8438080
670 265 3080359
495 36 -9264210
351 184 -7967815
454 739 -761367
402 980 7264118
668 688 -7339888
711 968 8439010
439 54 4184288
906 813 4769191
5 916 993282
451 494 125165
905 909 419213
967 392 -1163595
163 913 -3856638
692 974 -2067815
842 774 -7177759
446 812 -927859
350 975 2624135
6 568 -4561863
888 421 -7011721
62 217 1627745
819 664 9937333
185 571 4721767
646 892 7223569
831 711 -8383549
710 108 7539215
189 844 -2392352
521 499 -5462993
133 841 -5035378
247 916 -1070396
777 268 1404651
396 263 1221549
916 226 -7344690
847 729 -3840279
843 862 -1799677
854 32 6427219
895 192 7744081
610 525 1456756
406 186 -1219485
99 349 8425201
911 124 -8147991
517 248 -7828284
143 794 -2810809
365 859 -5011786
131 443 -2738207
584 628 2562836
877 783 -2506902
151 589 -6170053
374 368 9857689
305 453 -1891449
78 39 863238
886 289 -1753507
672 501 -5766359
881 795 -8793216
824 431 4319419
977 814 -617397
897 123 -6323846
854 388 -6976362
112 277 1364295
605 62 9336322
515 178 9238955
808 281 -2029458
360 715 8540115
430 802 -7679285
511 118 -4845907
75 59 -3268373
822 849 7930333
394 667 -6930486
5 157 6663250
583 771 -7640080
340 245 8468062
864 767 638962
666 920 5617982
20 787 7378994
234 692 4456679
992 141 8073186
834 229 -8553380
93 742 -8021748
308 766 -196361
645 632 1454527
403 205 -4351750
810 733 7470969
437 115 -793039
667 862 9293732
281 429 -3664404
432 433 -518484
595 23 113577
39 833 -1292613
113 444 -5181924
353 591 -9417799
26 652 -4403373
405 147 -6904562
972 373 -3627899
395 712 7815981
961 205 -5079958
419 635 9914670
589 364 -8517636
844 592 -9832995
104 11 -1442690
923 695 -6346321
582 845 -7046402
218 703 -9194372
469 43 -9477101
727 920 2313246
30 303 -166782
961 999 -1547256
433 201 6625129
426 68 -9750010
860 960 -229263
991 546 1446265
628 370 -9688495
560 993 -5248612
644 981 -2822790
293 672 -3636639
817 813 661270
913 384 -3668770
982 249 -5810001
418 147 1141022
477 66 5826214
373 641 -8062341
924 575 2622849
249 954 5112266
982 650 -8621409
490 784 -5968362
954 338 -4334612
672 810 -9125855
274 727 5468699
30 151 1160515
982 26 -594970
924 862 -2526792
444 210 6497672
834 113 -8986429
602 479 9612516
752 830 -6031896
355 206 -8917368
342 703 -6095009
220 389 -2159940
72 620 -4877670
256 845 -6105418
252 838 -9738299
968 238 8487332
393 901 -1902047
380 216 -470813
134 570 -7680245
748 751 -5737773
530 494 -3574769
832 622 -1512264
785 837 -7023468
629 357 3552055
6 990 -5110410
45 392 8597904
165 917 -9123085
728 338 4529122
329 38 -266656
234 170 -5934192
852 213 9632880
601 323 -5779180
524 44 8684905
891 294 6718776
313 743 -8764163
935 232 3908535
953 219 6333813
181 122 -4145824
872 21 -9214862
606 363 9956978
977 338 7499295
994 837 -8997753
359 415 9546641
266 52 -1203003
610 646 -3730734
370 967 786661
982 238 4891363
389 106 -5686583
68 361 -3425394
690 995 -6914189
166 289 7277014
183 766 -6767636
31 426 -4785604
810 108 -5796950
107 118 -9706899
820 625 9278680
990 804 -7446
187 513 -8212164
490 488 5425521
204 136 7818161
284 502 -2426698
848 255 -8141703
926 655 8355183
623 251 -3374291
272 360 4300684
895 849 -1609897
627 673 349464
612 790 7491678
575 908 6908885
991 113 -9032770
259 950 -971540
998 238 1282273
998 253 -3249763
729 568 -8243257
574 341 -1891317
986 585 -6094392
388 737 707072
468 159 7653620
721 949 -2638683
159 563 1709326
138 393 -8938236
677 878 -9641605
704 877 -9094990
757 828 -6077166
736 69 9491947
239 394 -8814682
122 341 -7856428
691 996 3421345
113 568 -8634580
920 680 -4003457
785 715 1511822
40 660 6233016
823 613 5263150
659 340 -7559920
755 519 5274639
293 499 6114549
937 34 2549812
947 464 1214179
66 763 9698222
546 522 3194264
172 999 -2267558
377 56 686274
928 355 9026600
346 40 1526793
33 147 -3988549
279 66 -7345088
532 785 3271454
892 928 3519611
82 108 -2964902
448 391 2326853
543 180 6106612
783 646 6776551
426 522 2991121
413 253 -5889005
863 367 -5654633
929 576 8320354
577 893 2258135
201 125 -524598
285 707 8387285
634 560 -1889321
567 95 8258505
250 949 -771102
679 867 5601466
434 382 4599289
930 302 -7787229
44 561 -1926533
772 63 -9786733
158 817 -752786
33 789 8146628
647 434 -7912918
103 534 3786875
468 703 2304974
876 93 5952786
701 790 -3868646
45 285 6973858
924 891 -786155
477 962 -3954951
605 145 -2190199
13 176 -4399510
775 277 9622381
893 143 -2952210
186 114 -9410851
283 751 7842656
158 995 -9815840
590 559 -1688800
413 701 9141309
667 817 -465425
257 586 -1910887
389 622 9137157
546 749 3092873
945 889 6829359
152 220 -5443242
23 415 2320028
596 768 -4945647
685 659 7064308
809 834 5612383
245 558 6954893
816 433 -7628534
314 155 1410003
276 647 247585
646 383 -8902503
614 17 1823092
947 851 -2448892
198 262 3117037
438 819 4442083
364 540 -6424747
97 596 8718027
696 864 5419370
298 315 7551218
529 86 4684117
842 43 -2036014
851 152 1852775
470 405 -504901
86 87 6616512
449 125 9720133
763 75 -1197855
531 738 8692677
319 545 -6940045
530 331 -9557073
19 989 -7047650
203 670 7143979
461 358 8454790
322 298 8591952
336 734 8011854
508 560 -4545731
570 811 -3225285
254 851 1135649
377 504 -2326047
474 86 3312749
658 101 -9500193
239 859 -5809492
658 984 -4991360
65 399 -783437
16 676 6183706
574 515 1946661
408 424 -3155047
682 761 2144039
794 211 -4482766
108 243 -4432533
480 803 -4292742
281 532 -3532190
788 805 5816361
714 946 1253495
473 131 -9862641
512 626 4833109
290 732 9582659
585 271 -1311874
962 245 -4991276
60 123 -1739854
136 832 -8032321
568 193 4901589
588 14 3811995
460 983 -9457634
687 515 -1159490
481 72 1912701
628 839 -8725916
874 683 -9022560
894 679 -7398754
447 429 2414930
292 15 276504
352 377 6650720
623 828 -8102047
972 40 -7134180
639 478 -4130108
884 891 -9665707
314 966 6051914
57 948 4898463
175 752 -8320063
987 464 -6390349
877 477 -5662295
102 45 -2272609
752 72 1976220
145 399 -7802908
233 286 9079710
291 814 -597281
148 325 6022864
545 954 -8374153
489 414 4549821
995 988 3270898
811 536 -918423
714 335 -1786644
117 163 -9329266
434 243 -1777180
145 900 4131903
87 959 -3412122
809 325 -4281329
631 711 -4277748
388 606 6993934
110 449 8831993
20 977 2317075
55 245 5807340
570 149 3205440
640 306 6493866
239 728 4212158
855 371 4857928
999 399 9185443
809 225 -7830081
97 101 -4722208
488 484 7292133
862 338 6640098
749 286 5119348
255 446 -6515797
166 296 9047556
970 30 7475566
677 905 -8193485
415 717 -9868334
498 466 1896144
130 26 -7411439
312 544 -1012466
133 565 -4706793
881 307 -2425488
216 77 5465163
82 496 -2123455
733 266 -4138300
236 882 3238853
830 666 -5660126
176 41 1824572
630 751 -2148200
206 612 1438357
430 210 8836871
856 435 6298731
715 183 1716034
48 817 5397516
957 330 -1378939
587 792 7379023
43 816 3529836
544 764 148123
430 177 7851362
426 71 -1261936
468 949 -8726894
97 931 -4619931
240 146 -7191604
606 570 -7615834
932 54 -5057685
750 302 366632
604 285 -1226048
396 959 6647755
203 20 -9120555
14 443 -8315859
906 202 -6487997
596 566 6719095
407 261 1953307
135 89 -5890044
158 63 -5094965
94 467 5276425
181 482 3738590
418 478 -7953184
942 618 950457
726 449 190651
373 338 3956533
859 485 -4042639
986 825 -4151362
973 898 -7103212
258 412 7802556
842 35 9545624
748 489 3670752
420 194 3492499
224 245 1673699
864 390 -8755542
457 819 -8595158
916 906 5071503
438 407 5944567
900 232 7701220
709 144 7146713
254 471 8118915
610 905 4708277
364 966 3614404
66 478 -6888187
491 380 7473933
164 532 -8654707
516 137 9075967
672 578 4275117
3 966 6363038
522 280 -1818902
598 389 7486886
669 893 3863960
197 323 -1047920
700 749 9634957
145 295 397858
837 721 6546757
402 321 8125586
102 312 -5937356
116 400 2288887
819 618 -9382954
736 605 5119714
895 403 1481115
115 724 2601628
596 365 -1194308
70 976 -3843018
745 616 1552869
996 484 9480720
944 279 -905986
617 530 9346160
335 424 9280958
942 830 5102223
898 38 3340035
151 789 9443800
19 841 8166112
96 909 -3797547
417 397 1305532
270 584 6476319
48 24 -4258258
353 940 6492152
532 18 -8882161
99 56 696520
477 359 -1385951
773 610 7536185
809 985 -8918847
48 443 -9466445
960 517 2287429
46 874 -6868418
9 441 -5520827
130 724 -8717291
718 597 5076413
469 529 -1642356
87 982 7490543
597 428 -6252297
339 792 -671668
183 686 2654809
266 591 -491576
903 718 -9631966
204 596 -7360807
746 944 2093378
943 650 8323298
608 481 -6550786
42 121 1561392
23 686 4937135
452 777 4383218
873 759 4396868
152 454 -4138813
200 996 9207710
188 840 6693193
563 390 82496
252 783 2097089
514 995 -5632085
977 199 1941186
898 16 8786900
110 208 5568917
722 354 185473
426 915 3732154
594 160 -1765809
553 722 4223414
257 721 8641956
636 791 6913256
194 948 9760647
64 420 1697803
733 27 -2710086
47 537 8672121
63 832 7185396
246 393 7846808
897 174 2997774
428 160 -9423772
951 55 4808675
712 483 -2672412
354 230 -9470855
167 831 -9182385
140 225 -7715636
541 768 -3884146
233 461 2144890
3 899 3579080
849 164 8243507
824 297 -5056313
151 769 -1359709
298 346 2219521
715 459 4632175
125 959 -5550334
647 503 -3515107
394 627 1155271
227 423 -7502152
634 385 -838130
298 376 -8126232
679 51 5170507
128 354 -6598454
650 622 9327328
509 230 1188895
237 717 -2185915
1000 269 5400951
282 958 6014738
776 719 2355376
560 831 8102711
349 33 -659889
785 152 -6812403
861 924 7982448
492 653 3634855
331 529 -6493831
870 510 -6448741
626 196 -2639555
270 721 4245250
949 10 6643905
52 166 -7394588
41 713 -6622078
858 750 8217157
551 591 -1388459
509 498 -6964329
945 261 960104
360 651 7444486
675 254 -7835302
720 672 -2383427
372 812 7937594
298 651 -8134537
324 571 385420
262 372 9646487
273 483 -5026658
472 867 6748596
456 171 724765
379 678 -4646038
721 502 4778896
545 558 1891089
431 907 -8039780
287 740 -3803248
519 667 -6978778
215 585 3173822
953 324 9338302
64 484 -6772164
904 428 -1386347
822 266 7743657
29 145 2473924
324 135 8803940
743 813 -6250149
420 939 3730462
82 381 -9082477
954 480 -6677964
489 860 4930635
803 413 8914232
725 49 2246357
400 131 -9966466
515 201 6661740
411 610 -6467085
928 559 3504204
4 240 9160109
526 989 7857871
193 589 -5494246
893 835 6704306
328 949 3586069
125 493 -2890460
455 170 2447018
76 651 -2095132
745 282 8179792
562 266 7882223
437 711 1557388
299 399 5581086
752 616 5704050
763 792 -5958077
416 517 2113330
19 4 3306276
843 752 -3880151
755 398 -551042
887 793 8992474
971 672 7467428
602 236 8658007
750 649 -7490341
97 562 8763738
174 434 -3919278
843 529 -9769163
521 560 -223417
356 671 996895
872 51 -7970763
142 564 -431773
316 702 -2207893
625 645 -5670379
179 124 -2581933
686 545 -8161892
248 112 -5767383
325 306 -5496470
866 317 5480422
305 782 5383000
891 442 9828107
288 723 -2842805
131 9 -3628033
115 798 -4882176
376 323 4033814
940 206 3932774
302 819 7390056
127 479 -6491480
247 243 -9789228
287 455 3404125
69 53 1411930
651 807 -6037093
943 838 -5589916
810 525 -1437456
804 204 -7821306
542 435 -288131
205 15 -8700236
288 750 2089929
116 958 1283709
294 732 -2920053
994 639 6271638
631 397 -6034379
611 965 -9402271
403 246 -3952499
274 915 -3974176
713 733 1488721
298 980 5353455
522 469 -3173770
112 293 3100330
899 936 1753742
398 103 6638771
530 666 281736
131 973 9546000
334 771 -3650787
489 998 5939979
251 485 8038063
523 467 -5366718
111 93 -4811836
532 470 9620135
562 350 -892345
702 747 1273306
820 284 -8379516
954 527 -7546022
236 445 9914156
223 16 3349045
475 198 -813230
562 107 2952902
620 506 6441868
745 81 5318821
557 432 -4311104
911 237 2655477
854 98 3223530
284 169 2836471
555 15 -4906947
265 662 6937387
245 200 -107348
977 376 -5105091
863 748 -6997878
229 167 375237
54 204 388327
341 527 7604076
32 351 2144596
405 977 1854470
73 906 7270427
42 874 8890395
156 564 6638762
733 751 -4250172
660 596 -9720297
640 197 4332184
440 880 8125035
331 273 -9135208
127 727 6046971
964 35 -7908939
408 783 3312496
100 526 -253073
6 245 2371704
668 394 5282387
656 92 -5043904
121 955 -762765
525 964 5983599
172 801 923260
533 461 5895331
382 698 5201043
177 25 4986505
994 696 5188030
506 123 -188363
590 200 -4038669
893 689 6584880
279 483 8705411
964 520 2915156
575 397 -4538445
793 884 625678
233 924 -3797459
760 726 -4857220
745 573 9552330
39 936 3705454
449 381 9715597
581 953 4385832
524 861 9083427
339 46 -6805887
858 926 -4901973
990 574 -9539784
806 912 -4224056
81 949 -7174229
184 644 -8279348
195 134 -1637220
205 334 -4579151
634 484 166374
103 135 -999746
586 804 -1174536
469 344 8333037
887 147 3333365
176 655 -7390840
918 282 -2521741
924 860 6533072
654 257 -3412865
376 878 8387077
852 567 -2521232
803 752 -309573
687 868 -8912181
372 781 -1880969
672 487 -9757329
933 711 -6926463
662 113 -3353638
279 735 -5615680
905 901 4705766
824 669 2169179
942 324 73050
796 784 -3115543
717 813 7877083
992 319 5315667
785 454 3569826
811 523 -8072724
585 807 -8165667
636 409 10850
204 489 -461264
395 674 -5345439
603 94 8774984
721 38 1670636
95 792 -6795027
106 952 -1407307
947 79 -1289103
516 340 -2952645
419 388 5687904
15 876 7301162
738 556 1547571
47 247 -1455549
453 150 -6611547
701 82 -1341706
185 978 8398258
278 243 -9103112
417 876 -4450548
787 108 -3518726
956 265 3818354
644 254 4917123
57 932 -7959865
597 144 9983162
586 251 1312414
905 862 -5599043
162 842 -2640042
572 373 7597090
355 671 -399327
97 591 -6792715
126 821 -9428362
237 169 1057885
395 983 -895786
677 763 -2637744
758 56 -6361768
373 620 1293935
922 512 -6881628
67 986 4192320
22 921 -6117538
174 297 -6116047
738 480 -5988312
995 316 -8038684
755 837 9315929
401 575 -1043218
875 587 -3909614
596 825 -2704871
593 237 -1278121
941 773 8900541
363 985 -6473156
214 980 2645316
500 479 -2815508
225 831 -1299543
875 666 5731871
147 967 1028054
865 999 -8892062
167 433 6208677
270 279 -4458989
898 463 9773267
664 151 5142295
418 50 6659063
178 422 1752111
187 151 2859215
491 60 -202267
964 857 6252863
767 659 -3104417
186 313 -4643990
595 772 -8255287
219 952 -1755771
40 913 -5478661
853 876 3658564
581 547 -2015523
213 482 4987425
962 176 1429064
618 834 -365433
586 719 -589673
568 900 155880
191 334 4390359
709 992 -2552947
565 694 2170543
591 302 -3998567
256 164 9764857
725 334 -2381339
212 629 7556795
457 632 5585832
882 742 -7428509
42 748 -9747202
216 275 7024163
83 48 -8523967
968 181 5635271
317 587 5967976
835 535 3468060
247 57 -3715073
97 414 -328565
682 686 -3150329
432 886 2282270
728 209 3705909
107 507 -6052727
506 399 132674
582 48 -4973742
911 879 2730563
618 38 5792436
428 604 3632768
508 470 -3235880
338 434 -7184229
32 841 -6862629
456 159 111188
746 581 4049633
542 736 9519013
658 338 1696264
125 517 -5144753
20 189 798375
335 992 -1762437
587 829 4077569
848 693 9594117
356 187 718860
601 252 8591788
252 418 -5262357
874 878 -6297454
965 487 4477355
808 458 -1008392
130 963 -6526233
92 90 -4456626
623 63 -7031934
874 20 6169496
917 571 -8867249
281 466 -8354233
107 314 -6462703
412 879 5777033
62 177 6139956
159 929 -1431713
13 158 -1668881
183 338 -3473179
865 335 3495766
541 939 1061017
72 632 -6768305
169 640 -2780051
349 147 -5643983
440 282 -7893432
605 937 -4396014
937 828 5384096
171 715 -2517548
257 986 3552418
794 9 9732800
136 588 9733739
931 371 7838423
813 176 823480
679 86 5894163
126 327 -8474361
13 255 -8046654
657 757 737406
960 904 6626316
52 466 2432230
943 61 9919383
674 1 -3991823
783 682 -846090
654 859 -5572601
889 841 7126856
113 447 3726956
883 107 3032109
853 238 8007115
118 578 6467285
799 462 9962995
128 553 -1791254
345 129 -5700723
375 114 5321123
77 652 4665434
996 737 2582208
4 447 -3021307
161 10 8505187
70 220 -4059113
141 359 -4691670
414 821 9559815
995 241 -2673911
655 684 -2375399
423 110 1669552
439 658 401101
218 792 -5761647
668 587 -3611907
584 248 6550680
941 615 -5601774
940 228 4815094
816 123 4405068
72 570 5741691
581 663 -2899316
45 65 -1816125
517 95 -8167663
86 833 -2195689
143 186 3651305
270 243 921854
907 141 3562730
127 955 920360
641 592 -4921805
613 748 2352576
391 383 1161333
145 189 -7885069
545 400 -6169938
226 7 -60781
321 375 -7901510
329 121 -9122059
13 915 -4582672
640 319 3029366
547 486 -7981185
561 679 -9398564
771 359 -6299586
783 925 9494943
733 713 -5465724
543 725 -6567905
739 926 5730774
706 277 9766720
250 255 -6412137
189 907 525954
571 44 7006838
267 987 -4702587
152 472 -6183997
81 382 -495631
758 163 2682338
782 815 3673615
221 104 6558040
630 661 8079140
718 862 8260749
134 637 3819575
852 640 -2672150
191 871 5233617
134 750 7876138
424 323 -3111788
20 101 -6678122
712 766 4712056
658 466 -5187830
218 949 -5316966
770 640 -7578649
748 298 -7410562
543 120 2640552
282 618 -7125303
909 757 6971522
98 291 6965894
566 11 -3992266
796 383 -4446494
411 297 9831656
462 318 -2725643
746 817 8605883
227 684 -9092772
979 231 3933005
340 536 -5584876
591 147 -9022427
321 452 -5247780
500 641 -6506484
343 304 845823
766 687 8578926
690 499 5233179
727 765 -7504997
845 482 -4307209
718 103 3253973
92 121 2834119
522 515 2475465
335 101 -1564278
595 542 2186617
721 445 3393097
380 785 6067139
930 711 -4481309
708 862 -1050881
882 503 4990076
411 372 4282492
722 575 -9273819
895 96 8744320
496 606 4983216
868 492 7452667
822 867 -3153535
805 318 6131367
820 512 4904581
280 130 -414876
920 684 567297
563 500 8262315
873 174 -490423
440 698 -9241935
659 914 1284099
858 115 3331458
347 766 -1762007
22 456 -7527378
453 524 -7557059
121 667 3715867
623 543 -6501719
68 622 -8603144
376 140 4414818
855 185 -7438374
185 572 -1724577
809 151 9119629
787 310 -4033648
721 28 -5216132
812 431 -7009647
439 67 2950133
962 535 -8205671
551 713 3533860
614 124 5918979
505 120 -7371105
845 226 4688602
307 447 6566164
580 940 1319688
122 526 2332439
961 339 1606957
65 42 -7030384
550 288 -6615781
859 779 -8016238
71 480 2024881
488 660 5984502
867 237 -5716449
866 418 -9843323
511 74 -443525
424 267 -3857567
344 282 -5760903
566 179 -8458723
552 375 -4559286
273 518 4283899
199 929 3924670
122 933 -8101057
908 389 6727766
917 654 -4814475
455 252 -3429608
330 37 -754833
525 588 6494814
837 621 -4303605
973 651 3321561
151 454 -4053824
90 491 7874792
442 714 7154609
438 327 5115270
158 875 3176696
160 249 -8093090
879 738 4062240
692 774 5577472
374 313 6501909
953 107 9312718
370 642 7977346
81 478 -7234479
90 681 692514
14 927 -6851353
109 946 -8305096
804 74 6972302
265 614 7666930
366 638 -7801501
309 731 4683209
650 94 -7593468
456 527 100685
657 319 -2380440
86 529 -8698840
512 970 2155910
303 488 -2344869
923 305 -716730
275 398 1120014
971 301 -2081251
497 970 3405208
796 364 -5852675
675 303 -8903141
14 880 -5558436
222 963 -5497897
334 377 -5797558
399 209 3282099
836 962 7399829
212 808 4180505
677 306 2758560
957 123 8501046
175 84 -8120742
221 909 -1663433
655 914 8278013
206 781 -5297502
627 406 -6192387
144 331 4525773
397 651 -788069
993 265 -7886057
165 702 7632439
237 117 -7309058
263 994 9624431
986 598 6199405
55 707 8287244
67 435 -9048412
942 973 -2951922
502 333 -8913373
689 291 2352473
842 219 -620377
248 715 1235429
671 471 7676653
385 26 353092
429 48 -7496604
842 518 -8388771
853 24 575498
261 84 2214367
701 954 -1678083
903 82 -2763523
337 43 -57607
663 347 1499491
355 499 -3649700
720 839 4693244
781 588 5176900
522 175 -7480985
457 153 3407659
147 547 -4951182
907 986 -6573873
276 150 1301516
382 852 -8371337
802 157 5675360
871 451 1081986
163 146 -4663117
341 508 -9362414
702 419 -4987260
487 984 4246078
944 95 -3314280
322 173 -5541938
192 746 9984734
152 501 8382063
454 523 -2094614
321 666 147304
147 191 -4809435
385 27 -5651914
41 53 -1426363
336 656 -1217538
759 678 8671754
434 650 743898
446 505 -5880125
715 532 -2444306
896 617 1053366
868 71 -5055020
293 39 7397931
586 230 6510467
612 195 1435083
528 257 421172
181 416 6306880
923 970 5098872
190 591 3543102
563 318 3691148
90 653 8957109
972 53 -9177319
799 477 4928863
588 72 4169678
564 682 130234
507 839 3482030
26 521 -689426
257 673 -5610356
29 763 -5378720
573 215 7303706
519 78 1808009
598 514 -3715753
500 765 -8546619
232 436 -5244601
680 426 -5999122
643 313 5702973
801 538 765135
504 626 -9490396
100 972 -6555637
721 740 2333363
239 751 5543132
387 611 9546129
960 564 -1487026
743 273 7626440
235 761 -8225461
75 328 -687403
877 887 3369021
811 28 5224657
993 984 7530340
163 948 -1263957
343 445 4893267
418 420 -9258384
166 753 -7753148
851 1 -9155762
373 679 881270
719 657 2980271
508 757 -2084396
441 680 -1213298
235 762 361676
633 947 -7837980
259 304 -5769202
807 118 7698621
839 969 6000546
97 678 8877696
798 707 -3026378
493 193 -588063
838 798 -9528594
24 153 3815180
223 87 4431708
713 608 8269448
539 863 -4836515
684 575 -7861416
669 80 1465910
536 468 -9689561
409 554 9785071
953 816 2023912
857 287 -5067877
39 386 7816594
619 215 6859602
195 187 -9849676
238 353 2210656
318 282 4598803
632 216 4192693
593 394 2290365
263 331 9369776
197 505 -3067868
247 675 -5749663
960 476 -8612578
453 87 -5885688
267 968 -5427318
462 700 5016353
278 650 789058
777 917 625362
65 418 4558900
11 169 -3626423
516 554 -7353815
458 173 7385166
391 521 -2694086
380 982 -6436271
245 625 -4042253
618 414 8248133
476 317 8580391
582 759 2574088
534 646 3080064
150 92 -8467653
638 196 6192096
345 404 703679
701 259 6042492
243 248 1319011
35 982 -4211377
920 282 6008738
384 783 451247
566 612 3281833
837 800 721245
465 683 -1549625
790 832 -219958
936 857 2903273
388 448 5455555
676 452 3533641
348 436 9096062
989 532 7638182
808 263 5386043
439 571 7676373
680 849 -1946465
714 890 -4877414
94 813 1213138
733 531 -2238562
337 10 7353969
332 656 -1295771
369 558 -5771340
241 988 4807584
873 393 -2513422
635 652 4767101
702 181 8722888
396 9 -3810000
324 46 -4328596
170 154 -2005427
566 704 -7415886
661 950 -1570043
832 93 -4945866
410 552 -8539209
808 976 7930518
833 530 6936385
120 407 334491
381 742 -6864973
505 791 9529173
291 778 8859692
796 482 -8629484
110 330 1684229
771 145 7214632
645 58 -3816023
988 34 -3886297
784 711 7187697
647 170 -8931808
907 447 2417618
162 363 3978406
307 981 -4349982
363 481 -9643808
598 576 2214410
399 506 -1098257
549 199 -6294469
644 626 7077881
207 551 -6009541
900 737 1749680
582 513 -6093039
374 426 -7745356
659 865 -1918259
739 383 -6978162
104 931 145181
470 971 9948449
987 845 -2751504
829 972 7394471
498 914 615974
559 585 36619
965 594 -4425581
232 30 -4145910
193 681 -4094925
378 786 7506291
468 867 -8382283
852 904 -9456502
838 820 -204999
87 377 3815979
301 445 -2542146
926 690 -2930328
394 18 -7061005
244 197 4411870
998 762 9514568
418 564 4089983
742 885 5099702
619 432 7500120
508 152 3134328
959 408 -5143711
932 285 -2203661
852 716 771894
339 850 -6249232
249 314 2638018
656 343 2696510
62 443 -1173736
237 509 4539262
639 437 2592640
661 697 -4591408
809 363 -5275349
685 663 4355562
997 858 -8811849
55 583 9294343
103 556 -3806138
627 558 6583039
317 248 -9909140
126 926 -2483534
806 65 6319025
832 689 4124518
300 194 -9973584
392 859 2184897
275 78 -3258922
988 195 -5946607
552 242 1622407
68 595 -9875974
137 501 -1461873
460 253 -8753893
896 797 7505698
89 128 -6520800
262 6 -5789690
155 618 -2361689
983 262 8824015
472 880 -8332575
364 722 5579459
601 453 -5053199
355 556 7451610
422 749 -8618321
121 620 8266768
839 73 7225212
247 228 8076672
476 681 -4357281
189 133 246409
51 473 -8395808
197 835 6906665
318 118 -6473776
514 763 2169393
174 677 4332765
429 405 -9328880
923 106 -9333348
718 836 -6056378
840 13 4615647
665 14 3708400
128 683 3942849
334 36 -5373130
486 519 -8121384
382 302 2355283
965 635 24693
114 862 -6983064
344 149 1333041
365 977 5034293
219 222 -5064059
431 532 -188247
74 307 -9280338
854 918 5662478
430 498 4782663
571 169 -3642440
759 399 -246595
715 209 4726252
669 111 -6908008
29 405 116843
584 510 -5025853
718 874 5546692
207 5 -2202865
645 78 -7794539
245 474 7893192
865 508 1626299
625 267 9822268
66 620 6792521
998 589 -5634530
999 496 -5430934
74 165 -5027229
909 82 -3433708
537 547 937946
805 731 2914704
374 572 -5255583
578 382 -9679360
652 259 -8456434
968 107 -5450825
881 365 8190467
328 550 -2459816
609 489 5359205
730 936 -5150304
21 423 4267059
596 150 7293166
805 941 -746228
490 829 -8676455
542 843 4696840
202 682 -3229285
147 969 6651903
769 419 -1235811
393 353 8182923
360 250 -7881141
822 903 -3981943
284 273 3239027
865 747 -1526112
704 474 -4821968
409 923 -9747508
271 415 -5669304
545 391 -650772
401 447 -7332297
595 415 3990887
567 808 2847550
245 349 4912204
356 90 -7956169
81 548 4450066
969 165 9208365
895 255 -3796318
552 327 5006743
543 830 9561786
736 985 2212646
407 141 5747661
430 303 9066026
864 892 -2587286
583 881 -9402282
318 682 1233436
243 15 3734505
433 829 -3108302
198 571 -4717377
79 931 -9364146
353 569 3021174
215 113 -8758756
620 618 5654209
891 911 -7903588
510 671 1311804
324 907 -3315040
747 29 5646780
460 425 -6368662
95 433 5746289
384 422 -3723662
977 173 3564011
73 858 805415
51 527 -1049643
136 214 -6213601
912 404 2373284
812 509 4680837
148 850 -2165900
421 199 -9856952
503 615 -370000
663 73 9468624
495 983 -6564050
596 314 -7316547
980 507 -2366223
285 431 -9126620
627 849 6730610
419 336 -8196218
256 916 -4435431
94 677 1466148
504 849 -9406867
927 354 9717914
531 407 890725
431 328 -1664082
957 410 -693852
352 8 7148505
627 238 2545378
901 785 -6326542
355 523 7543622
44 426 8404535
336 867 -2440443
610 363 -9647274
243 266 -2732246
918 411 3109528
1000 221 5190875
611 645 -2839449
52 808 8864398
421 295 9473005
708 386 532491
16 356 -8077039
573 860 -1116092
152 874 -3116067
194 894 -2257322
258 243 -713249
337 343 -2836792
547 316 6467110
918 144 2463810
567 177 2800022
885 176 6913827
472 215 8823008
344 462 -219958
360 768 -1938633
633 932 -5302100
565 459 -311599
549 116 2775873
711 623 3378232
9 232 1187355
245 636 -5774786
545 108 -7091738
212 33 -9036942
894 303 -3191477
57 465 6791616
211 473 4087395
704 166 -8998083
157 864 1081647
846 359 7910841
70 924 4889060
863 725 4504747
742 399 -2840069
632 123 -881333
751 528 2461312
535 867 -4744682
630 766 -2304725
574 469 -4334661
234 859 -2656875
352 263 4191326
483 665 -2870471
11 200 -7064616
924 874 -7801991
154 683 9922468
753 824 942799
264 276 -8106053
391 707 -8963541
752 258 -914834
883 554 -3355131
63 412 -4883661
184 784 7363330
813 518 5678283
916 602 5078567
824 39 -4994191
315 95 1686110
722 881 6801018
702 979 615307
686 216 -6756691
644 106 2240609
584 597 308691
955 846 8162804
394 674 3465626
63 890 -8720404
667 925 926779
873 418 -6407863
617 566 4760451
854 635 2348606
676 991 -5689420
287 647 -9075431
15 852 602306
319 625 -8319120
490 2 1898341
127 13 2784891
3 327 1601274
822 79 3767980
357 533 -307977
986 574 7588419
904 109 -6540158
757 883 8126025
822 888 6976293
771 480 9058245
354 58 4559735
604 98 -7260382
143 301 6945471
109 914 -7826520
800 461 -2500224
690 144 6612180
437 212 5090703
643 258 -1878182
265 244 -1956056
815 801 2376736
118 163 2047870
387 728 -4876136
285 213 1415308
336 118 -9079683
703 982 6759829
475 500 5118344
213 715 -3077560
449 522 -4187105
797 73 -7668946
809 912 -6949108
560 146 -3505857
298 574 6925682
669 543 7749307
558 56 -5982237
129 793 -2009760
472 622 -5331951
845 415 9547242
101 920 7543738
50 533 6067968
947 442 -4289967
678 156 435613
237 216 -188050
544 566 8554868
320 464 7484024
995 422 1054846
786 773 -3798525
459 717 -450508
792 437 -9417760
433 242 -7357802
643 32 4812426
373 906 3552876
51 401 -3388181
203 904 4401085
920 891 9574940
627 565 7451585
536 204 817359
91 347 3215235
603 727 -2865434
579 450 -7480044
782 198 -2217684
545 668 2112521
290 592 5137758
826 893 1550726
26 782 9314023
208 456 -5435304
251 685 -1335411
548 467 4257195
385 120 -1386407
821 501 -3992461
688 880 8536811
13 737 943056
903 983 -7593110
947 899 5969352
442 840 -9991626
830 27 7417926
287 687 -7640508
99 235 754574
442 608 1998545
161 819 9263243
316 404 9686660
516 403 3078344
311 955 8035669
619 408 6321974
179 624 -3769890
240 566 3904999
373 446 -6256690
413 42 -746652
795 92 -2350571
203 369 7815660
967 181 8604656
723 971 3185244
911 638 3748420
800 129 -2790960
88 837 -6267546
342 854 -7347937
293 562 -1622109
797 683 -5383405
329 368 -2955158
871 918 1642580
391 371 7266395
698 54 -744259
60 852 -6497916
169 213 -8187613
604 235 3336914
637 817 -2738357
306 29 -498590
182 308 8339476
206 246 -3384567
968 745 3062264
416 507 2411785
779 143 3999144
631 277 3074668
906 341 -2510438
266 375 -6775022
288 523 -478019
648 589 4646047
12 124 -7267923
241 301 -1169999
229 316 -7890754
722 571 -9306699
428 765 -2285979
711 91 9256918
737 14 9153585
841 629 3262838
774 204 7566977
864 630 3655828
383 829 -7071424
946 464 -7693110
982 730 -2327213
256