100
500 1 2
250 3 4
750 5 6
125 7 8
375 9 10
625 11 12
875 13 14
63 15 16
188 17 18
312 19 20
437 21 22
562 23 24
688 25 26
813 27 28
938 29 30
32 31 32
95 35 -1
156 39 40
220 43 44
281 47 48
343 51 52
406 -1 55
469 59 60
531 65 66
594 69 -1
656 73 -1
719 77 78
781 81 82
844 85 -1
906 89 90
969 94 95
16 33 34
48 -1 -1
8 -1 -1
24 -1 -1
84 -1 36
88 37 38
84 -1 -1
92 -1 -1
140 41 -1
172 42 -1
132 -1 -1
164 -1 -1
204 -1 45
236 46 -1
212 -1 -1
228 -1 -1
264 49 -1
296 -1 -1
256 -1 50
260 -1 -1
326 53 -1
358 -1 -1
318 54 -1
314 -1 -1
426 56 57
414 -1 -1
430 58 -1
426 -1 -1
452 61 62
484 63 64
444 -1 -1
460 -1 -1
476 -1 -1
492 -1 -1
516 -1 -1
548 67 68
540 -1 -1
556 -1 -1
578 70 -1
570 -1 71
574 -1 72
576 -1 -1
640 74 -1
632 75 -1
628 76 -1
626 -1 -1
702 79 -1
734 -1 80
694 -1 -1
742 -1 -1
764 -1 -1
796 83 84
788 -1 -1
804 -1 -1
828 86 -1
820 87 -1
816 -1 88
818 -1 -1
890 91 -1
922 92 93
882 -1 -1
914 -1 -1
930 -1 -1
954 96 97
986 98 99
946 -1 -1
962 -1 -1
978 -1 -1
994 -1 -1