732 545
60 699
407 708
433 11
483 355
568 712
131 700
359 695
1 64
567 318
551 417
55 395
538 195
331 269
446 143
497 2
297 183
579 318
661 419
200 669
282 558
621 509
599 99
465 572
504 563
306 386
692 120
300 525
203 547
124 142
641 499
162 112
716 118
103 728
158 414
565 454
222 403
199 354
539 555
562 155
716 667
627 540
548 457
527 71
502 61
256 534
692 439
398 701
582 130
90 56
285 230
211 399
210 388
433 469
10 402
1 695
668 264
340 651
221 606
274 730
25 100
89 726
10 125
221 191
576 439
539 24
641 112
515 277
559 120
423 684
137 490
412 47
727 672
131 183
180 499
348 257
343 467
715 269
641 198
17 436
722 408
679 540
196 223
41 525
421 7
561 414
367 573
272 395
599 394
675 699
713 346
211 105
325 140
265 105
635 315
144 399
608 640
278 269
679 545
268 601
510 188
597 239
450 618
434 390
688 224
93 14
451 462
75 585
81 174
296 534
4 237
373 395
200 257
674 264
705 566
216 148
593 417
32 640
514 556
452 643
508 481
552 600
474 109
575 12
32 129
369 95
101 239
560 301
244 666
17 356
727 255
88 712
163 202
679 649
475 323
442 176
719 156
243 148
213 681
724 397
352 172
463 406
704 38
409 84
432 289
705 37
144 721
713 695
284 326
317 172
683 275
40 109
163 501
372 728
504 77
375 540
688 700
456 201
494 154
179 420
251 118
16 461
582 534
528 44
210 573
716 262
25 165
668 448
10 206
19 619
42 87
368 495
284 541
631 242
716 176
530 91
463 643
593 406
3 554
446 454
236 546
583 201
161 275
205 403
561 260
430 389
586 526
382 333
453 170
456 58
661 309
391 677
180 417
144 280
363 246
539 128
483 159
682 729
732 521
319 232
259 370
464 700
604 220
231 617
474 245
474 184
438 402
22 109
716 232
631 720
460 501
110 496
680 140
278 189
567 729
627 142
522 584
591 636
580 702
107 470
659 303
722 30
197 255
683 355
98 235
271 454
361 355
137 305
3 11
90 15
559 257
83 34
161 171
339 694
377 545
604 447
703 85
633 684
494 708
287 697
98 120
371 87
26 112
62 120
569 232
57 134
582 695
703 45
46 500
581 602
60 609
96 328
90 623
312 119
475 175
641 545
342 547
158 30
234 570
433 617
425 390
298 700
272 293
294 385
552 623
367 24
274 249
17 458
451 623
431 220
489 370
442 139
126 445
96 435
633 721
591 406
405 516
149 655
421 305
727 140
144 238
160 266
622 488
468 192
562 31
1 655
514 512
306 257
535 245
431 12
464 156
282 249
187 525
199 707
227 168
676 23
222 399
716 85
265 233
704 246
137 718
393 481
219 436
631 239
453 672
511 172
88 370
203 517
464 130
596 605
55 147
49 678
374 293
179 108
36 232
331 714
199 533
434 611
519 384
661 176
688 436
487 496
627 24
307 392
359 115
391 501
464 533
144 394
22 354
50 109
693 404
453 723
658 345
213 472
375 370
111 239
339 292
692 275
675 15
382 414
518 72
13 289
422 556
236 488
613 726
282 469
375 598
331 119
352 20
407 711
507 708
433 655
313 85
146 486
49 435
519 419
240 142
668 720
530 640
713 623
719 526
548 105
371 318
634 395
98 448
371 356
137 148
401 717
466 301
548 315
434 186
114 238
434 56
3 637
405 469
152 696
107 563
703 399
613 23
569 396
160 24
160 6
593 315
405 206
104 458
586 35
197 457
416 417
587 381
75 250
478 370
528 129
25 329
425 70
193 310
437 129
692 700
182 288
101 64
216 355
683 455
236 322
559 707
240 614
22 385
659 406
88 684
421 112
93 254
162 677
68 626
654 672
48 573
661 441
127 260
371 481
438 195
434 614
704 61
227 445
169 520
48 490
158 396
117 388
339 145
514 191
196 662
507 99
244 51
483 290
317 31
379 129
90 232
138 610
575 718
437 390
50 59
3 139
313 109
273 354
634 731
93 364
713 99
81 116
423 449
715 626
272 31
216 414
236 564
489 206
413 239
466 509
680 673
32 136
57 630
296 269
567 140
179 100
581 408
36 570
111 547
615 129
94 717
113 555
465 707
463 449
422 399
423 419
596 603
393 540
126 408
530 643
253 269
179 145
621 617
276 572
111 116
582 444
307 262
231 223
413 310
96 346
236 333
452 189
319 512
221 455
358 301
383 731
17 663
468 242
93 544
117 310
593 106
494 718
624 417
576 214
377 479
658 12
616 588
199 341
407 116
665 498
464 701
66 697
518 618
317 355
312 414
413 224
107 269
226 612
683 315
36 394
401 449
339 106
298 337
551 239
679 143
494 246
374 558
537 449
131 605
113 550
652 338
211 678
579 168
638 255
196 209
631 458
229 360
613 77
679 721
374 612
92 44
375 119
93 59
271 455
41 249
393 308
300 495
161 308
110 115
199 295
90 175
342 311
560 355
416 712
