4008 9778
3 704
3471 3718
328 3586
1587 1487
689 317
3781 1782
1963 1602
2761 1889
1205 1398
2536 3158
835 377
620 2078
1867 2261
3136 520
2916 2490
1604 232
3891 1141
565 3192
2248 3084
121 113
1759 2466
1205 2318
1990 3652
2329 359
506 3957
1721 1757
116 244
3159 2703
1980 1502
3719 818
3454 3857
681 440
857 1363
979 2241
566 2369
79 3103
1780 272
2463 392
1656 4007
2823 852
1180 2481
2840 3371
536 2641
3055 1126
682 3186
2711 3668
2791 2817
3892 298
3395 699
3421 3201
2286 625
251 2970
3152 856
2214 1349
412 1027
310 3220
1969 3761
662 699
1440 3044
1567 1186
1106 3073
2001 2906
824 2531
277 3794
1829 653
1763 2388
3088 1679
2889 49
3832 3503
79 949
2964 2385
1206 1175
2662 2295
3927 3551
566 431
1856 2643
2495 2960
61 363
103 3605
86 1258
3886 2352
3515 3314
1100 2311
284 1223
2328 1270
3409 1286
2894 941
2575 1527
2066 2592
1493 2111
3871 1815
1576 1296
2741 1712
1318 3598
1739 1602
3075 3969
1915 3942
3353 2359
3481 73
1516 2430
1472 372
1087 3536
2169 4000
411 1064
2713 2745
714 1133
2200 3880
1484 2616
1828 1776
2335 2785
356 3001
2877 2573
1450 569
2140 1192
2308 426
3369 3382
3019 2501
2375 247
1737 1146
3416 39
1419 3650
1908 2620
2780 3070
1564 483
2999 2672
1955 3755
1182 583
2662 2649
2661 1719
1563 2560
2685 1423
3897 920
2514 2178
2822 428
2255 3776
3928 2672
1674 2619
495 1479
442 2174
990 1241
2740 426
3580 3786
2840 2011
270 473
641 378
3916 3644
309 226
3778 3056
3165 2558
1854 2434
3404 3654
670 2579
990 2663
3117 28
1211 421
1674 3053
2537 612
3418 3582
3449 977
190 3539
835 2690
3811 3751
925 520
1412 1578
3094 2647
3839 1448
2522 514
778 3480
2158 1098
1797 2386
619 2396
1155 2751
1807 3504
1870 3250
1382 352
1834 889
1575 949
1062 1597
725 163
561 3964
1605 371
962 636
3649 2925
954 2496
3923 1280
2921 3718
3508 439
3245 3700
2405 2259
11 2735
1312 1679
1510 908
3190 1229
1898 3032
850 3804
314 2898
1412 1135
97 3312
1470 2168
1470 1866
1388 1603
1894 4008
2887 1363
277 1961
1911 299
471 99
864 2281
2399 2484
2833 707
3478 2295
2404 871
3727 2670
2031 18
1327 751
2055 1972
3296 63
75 638
1626 2170
110 1939
1842 408
1205 2047
96 430
171 3565
1281 3224
3572 3689
1969 3366
1566 2502
711 218
3719 1551
2279 1788
3165 1779
410 1244
2699 3361
1656 828
1703 3522
2256 2644
3336 507
2468 2459
2324 677
635 3970
1470 20
2972 876
499 968
1085 1526
3130 1742
399 4005
2674 2621
3534 2457
2344 2021
3355 2414
536 773
1871 2421
2068 537
1511 1923
1898 375
1123 999
1593 587
3907 226
675 1866
1622 283
3740 782
220 2024
19 930
1063 2450
2367 216
3805 320
942 1897
731 1779
251 680
2812 1192
2894 3691
89 1346
2540 937
2090 2898
1470 1464
1204 359
2755 2338
3110 39
579 41
586 450
577 1502
3336 3141
2598 440
651 2996
1867 2736
1702 524
2959 4008
2487 3061
3360 623
647 294
2618 1610
1026 2154
2505 1253
2843 1670
438 986
2758 1361
314 2117
1641 1126
1100 149
1315 1428
1081 2996
984 3093
709 431
3956 1658
194 2719
300 2919
1906 3293
2448 2821
714 101
3529 2174
996 1291
2379 2307
2262 1774
1396 1316
3467 1061
2699 63
2370 2293
3289 2504
3999 2391
1864 2455
2340 1467
2042 2643
797 2063
3159 2696
1059 2233
521 3315
395 27
2989 2908
3223 1251
3304 355
522 3059
985 564
2042 2411
3663 3635
281 247
2092 938
1660 2982
2237 180
3289 1401
2272 2465
2068 668
574 523
3069 69
1429 1930
1315 1278
2777 3347
3990 1086
2209 2088
33 616
3931 2790
3482 1722
4006 2021
2678 1032
846 2236
1172 1544
1212 523
2728 3027
3928 2334
3486 7
1888 747
2474 2445
2031 748
543 1006
2534 843
3798 3295
2419 2519
525 2338
784 2716
79 238
2865 3743
1714 472
145 2216
3425 3586
783 3406
696 3786
3319 3379
725 523
2562 2461
2921 2461
2058 3735
3567 2863
3054 1609
2267 3169
1850 1767
877 77
3908 2361
38 3833
198 26
3441 113
2210 1
3136 655
1864 1928
135 666
3725 45
954 2991
2340 1097
2837 317
1443 2706
2685 3018
2426 36
1653 3685
85 3957
1984 3450
603 2193
1215 1125
3832 31
3212 3877
1621 1889
222 3910
3199 1646
3012 2918
3867 2880
877 1981
3684 2349
3229 839
1535 3745
3580 1289
1397 3232
926 1676
3420 881
3316 1454
3041 192
2012 3552
3064 1619
1620 919
2482 3668
890 3295
2699 3527
1557 3354
1878 2811
333 1226
1927 3411
3609 397
2574 3952
3637 2207
879 2437
644 3375
3486 3961
225 3679
1898 1162
879 1036
3007 881
350 1972
2197 3551
1409 3738
2394 2579
2754 794
2394 1608
3 3553
2090 3979
1320 1649
3996 3991
753 745
1845 2963
665 1875
3620 3327
1263 1262
2854 3156
2617 3131
2362 655
2308 3487
1007 1369
2321 2465
1725 767
23 2418
851 2898
2844 1149
2286 3195
2362 292
2767 569
2976 2317
1155 2484
1319 716
2245 2682
2673 1823
3690 2150
2426 2047
3251 3093
2879 2501
1877 1150
1026 447
1739 3942
263 1418
1334 8
3140 2911
1571 1582
898 1958
534 2420
3802 1322
3637 3827
284 3963
143 215
903 1900
1194 773
85 3513
2850 2705
2766 2455
1488 2800
1003 3548
700 88
104 278
1378 672
3541 2676
2720 1287
3345 2637
1092 294
2964 1779
2655 102
932 2891
3420 3807
2248 2656
486 1919
519 2555
2251 3232
3783 2489
1511 1967
285 1528
579 2528
2287 968
1789 1224
3785 2530
176 2007
698 2778
3301 802
1872 3565
368 2196
147 1956
442 2683
3789 1916
1420 3973
1703 465
3122 614
812 2690
2215 2430
3540 899
2509 988
1542 3776
427 1723
2537 359
516 2319
1014 1729
3756 3818
3082 692
3271 800
2246 406
3296 108
3646 3400
3019 2423
123 840
996 3366
1274 707
3004 840
2018 1402
2212 632
2330 3376
1853 3917
1140 1051
258 3175
43 564
3473 288
2028 2746
2830 930
683 3516
1392 2802
2246 3219
2661 3487
3843 2444
2699 600
877 3498
1713 3240
1887 3371
2028 3932
2255 3633
2581 2957
2113 183
2287 1597
1204 3884
1393 1613
2468 1141
609 3919
1484 3553
1736 1079
17 750
3307 3477
3808 2816
2448 820
1482 3394
561 1916
2577 1052
3010 2745
2636 234
825 2922
3483 1611
3815 3500
3512 760
3505 600
1396 252
2412 655
1973 1923
3280 3286
2382 1799
3226 162
989 3032
2033 1597
3489 862
3340 806
3270 320
850 3828
1038 859
350 2075
358 3157
3760 149
1812 1811
2593 2676
1421 41
3850 1186
3792 2019
2527 2043
3021 2061
2321 965
2887 334
2801 337
3796 3561
3435 3115
2740 3591
1516 664
2681 1366
1242 3937
3595 1841
1482 2926
3778 3970
1575 1551
1863 2164
1119 880
1151 1547
1023 1813
1628 3877
3892 3244
2575 1164
3728 1455
849 2192
1557 3322
1357 1073
267 2295
135 1796
3030 3715
2223 2516
3164 2532
2085 3496
2312 2150
2040 254
1604 1361
3260 3593
825 1214
2419 843
1703 968
1182 24
3302 3335
1825 3539
3074 802
2291 1299
3770 2722
1511 183
3748 2528
484 337
3572 3362
2195 359
1476 3524
2636 2660
103 1125
2897 2706
1070 1937
3129 2064
1093 2388
3452 2935
1058 2627
1969 3972
1698 2450
1888 3487
3997 3462
2651 262
1161 460
981 3970
1850 3895
3007 1517
499 922
1432 25
2182 1213
1653 3554
2397 2784
2190 2760
3992 1353
3657 3791
2870 1672
3709 852
2900 1094
3415 3413
309 1065
79 1934
3255 2970
944 2247
2195 1150
323 2276
3308 3351
3359 36
3803 3688
3022 106
3562 2838
2204 3051
530 3654
2137 988
3198 93
2340 1710
1177 3724
323 2960
3723 735
1845 1109
1132 3201
3981 2863
702 3549
3673 1541
186 1957
675 372
3271 14
622 2810
1969 771
310 1740
2692 3001
2994 2708
1206 1546
1211 1383
2582 3830
579 2430
1336 71
2152 1805
1119 8
1364 3598
1973 188
3054 3599
3031 3220
2474 2744
3930 2725
86 1144
3 3157
3725 889
373 2635
166 2298
3326 1410
3082 3650
3703 2652
191 3890
819 511
2944 953
557 2282
246 961
1513 1245
837 1599
1924 2985
682 716
1702 1335
2867 1227
705 3293
3125 3076
2729 2810
239 1583
3 3391
1155 2579
3826 831
2721 667
3010 1448
3403 1166
3239 2762
1989 50
2890 2063
1968 1603
2280 655
3457 2045
1800 3397
227 2418
845 2797
1989 1351
481 4007
464 2302
1440 3890
233 1926
2534 3154
2090 2441
2729 1699
3353 3880
1744 1317
1035 2384
1161 387
154 3249
3992 1372
761 1067
1393 450
468 3643
795 247
3336 3264
3841 2502
909 163
360 3357
1595 1213
1210 275
2330 881
1413 1145
1683 1804
864 1923
1506 1582
1523 2416
3587 294
1892 3616
2292 1074
743 3224
1344 3829
404 3556
1318 376
3021 199
566 1801
197 2565
3891 3662
468 584
2362 1164
1414 3755
3913 391
2807 1124
373 2318
783 2393
1038 3097
1485 1467
3736 1359
1385 3439
1409 1528
3799 3737
195 1466
2260 3087
3190 3921
1115 2486
896 894
2633 648
1138 386
3030 2516
1265 465
947 280
504 2230
2246 734
3629 224
2932 3485
738 3564
3817 3250
3663 1183
3090 1078
1512 715
1762 3972
1140 1189
877 627
1225 1860
1495 3869
2674 3558
3572 1809
1532 1940
2077 1686
2981 3865
2326 1993
657 2126
1387 252
3109 1049
2040 1979
1745 2892
1350 3662
2366 1027
3677 2908
3465 1152
3041 2294
3082 2234
2850 2131
1902 1188
1703 485
3142 99
136 213
2567 537
451 2014
603 439
3560 2928
2833 3554
2224 2525
1673 2882
997 3317
1891 2838
1416 1049
635 3625
845 183
3609 3185
3415 2010
670 3533
1636 2982
1716 2146
2846 792
1626 2584
586 420
1403 1817
2399 3845
3326 2810
2545 798
2851 668
3600 758
2206 3564
2379 58
554 3070
2442 1547
1195 337
1004 938
2669 3732
3898 3660
1846 1658
737 1646
225 998
2023 3466
754 1729
1707 3405
2629 2735
2835 956
3082 1266
3684 1539
374 1466
2876 2952
2274 2451
1537 3191
3389 3391
2878 1241
3623 1950
595 749
3578 109
870 1332
2801 2259
370 2457
3999 3429
3426 3797
1168 1848
3581 3240
885 2811
1000 3269
2630 3503
553 1227
647 672
3939 2771
741 922
678 524
3255 1250
251 68
1272 1967
3081 2160
176 44
1626 2926
3045 3050
3941 2154
847 2051
769 2124
2103 3884
2691 2969
1808 278
3200 1858
2823 149
323 2109
3881 476
873 2708
1300 2443
864 943
786 3962
3484 2584
2936 2378
1484 3921
1085 2179
2972 776
589 3875
130 131
579 1184
2755 960
2897 1229
2557 249
3445 3517
3016 2603
594 655
2224 1229
1806 1857
3049 1136
3183 3524
3265 250
258 2418
1902 584
2608 3038
2221 1219
2190 2592
2772 703
754 3577
1155 1940
878 18
1876 1781
1070 420
1506 1117
150 3177
1870 51
3854 3027
1437 1262
848 3983
527 1372
3465 337
2147 250
2409 2873
3978 924
2505 2621
3944 2637
3872 542
714 2011
521 252
1806 2665
2883 366
1488 1200
1160 2576
2289 654
3199 2128
141 829
2625 3087
443 3970
3453 721
3637 2760
186 3953
681 344
1975 3497
1084 49
1960 3402
1571 3370
801 3522
1055 2127
161 839
1473 1064
1768 692
1261 3175
165 894
1210 2416
3570 2443
641 1075
1087 1207
3766 1036
2740 789
2394 831
233 1088
526 2128
1212 3579
2980 1779
1497 3681
3520 1803
969 3896
418 3036
1680 2117
1516 2954
1450 2496
3889 631
1096 636
3600 1309
3767 2317
1911 2797
2323 3396
2321 3666
3333 3945
3515 672
622 1
328 2841
268 512
2509 3406
2129 3102
2471 339
1132 3794
65 41
532 1251
3839 2207
1825 1651
2458 2024
97 524
2828 2781
1590 3626
2600 839
3534 2864
3990 2104
629 1809
1308 2922
1461 2170
2133 1586
1806 52
546 2986
435 329
1138 3396
205 1208
3228 1202
64 719
2694 856
650 257
1243 1186
3768 1678
287 1788
546 1289
3403 1257
1910 3652
3540 1551
3172 1889
3595 2742
2108 908
309 3036
1056 3890
3069 1260
2834 3126
3840 2847
931 2614
2777 1053
1002 3979
898 1426
3160 2161
3701 1176
690 788
2527 2641
1697 798
3763 1555
2852 1704
913 2512
2436 1189
3708 943
2336 1459
1574 2730
1205 1857
1069 21
971 1060
2190 2032
3667 60
3422 3238
4006 4000
1908 1445
2022 3061
3515 261
2846 608
824 3167
3404 1231
2640 1307
2601 1861
3637 3791
2306 475
3148 62
3785 3248
343 348
1927 240
1588 2490
1038 406
245 3717
3435 2032
1055 223
2409 2947
3673 872
3004 1959
146 2760
3550 3804
2368 4008
1263 2969
3147 1249
1595 2682
1671 2838
2328 1501
2424 2061
3062 3201
1205 1847
2094 3616
2796 3887
3813 2918
2048 2454
370 537
3307 724
2832 1771
713 820
2625 937
1498 199
2839 2913
824 3926
1234 1662
942 638
2270 908
3461 3864
293 3085
2325 3181
1201 3103
3345 394
3337 1487
3866 188
2599 3679
658 1579
2252 2992
1209 1930
864 1706
2533 1203
3099 1921
2692 980
3748 1956
1433 3821
2209 430
2529 1251
2316 2763
319 2477
92 3250
3441 2046
2426 3119
161 2265
3026 107
2680 3188
122 2389
3748 3491
1062 101
2835 3961
1829 101
702 1346
3121 209
3576 2924
270 2543
3781 1869
2805 3391
3024 2243
2527 3187
3568 564
2367 1961
139 3388
1689 1418
2853 3710
2671 272
2775 3769
3976 3974
3703 1561
2000 767
1772 2009
1269 2560
3704 1788
617 3702
3344 45
3568 2035
1489 640
3299 3468
2301 1241
3082 3225
2136 2441
3678 4008
1628 2957
1441 1150
141 3593
125 907
2362 3025
3041 3127
3334 623
1194 1032
2713 862
3523 3801
1196 50
1673 528
3407 747
3363 3885
310 2349
1433 2461
65 642
1886 2895
934 2441
186 2778
3194 2407
3449 129
1639 3847
2278 2532
1342 2922
3035 1139
2593 3477
191 3278
179 2196
3299 1095
3703 2631
2062 1715
705 2607
2119 2088
1693 2501
3637 1418
66 2024
1760 3757
1093 2465
2753 2421
3638 181
1118 1244
2354 1171
799 1862
1022 2011
764 3692
2962 771
1131 1375
2397 1380
3563 3423
571 3191
2110 1097
1853 2634
1716 719
634 3310
2854 2047
578 1720
673 2814
2507 3178
3982 693
1341 1270
1689 3097
3094 2516
878 959
2623 2523
2743 560
1147 2607
3332 2764
1031 3072
3252 2268
2953 1965
532 910
2405 2895
2874 299
1147 2425
1713 1329
2812 157
3473 2679
2066 1146
1273 2983
517 1171
3463 2047
368 3150
3099 3544
2972 2035
972 394
3078 802
464 3963
121 1164
536 3900
1382 1079
3546 63
2503 8
2138 1817
1520 2782
3707 3364
1345 1459
2852 234
1984 3912
3542 875
2738 424
2059 582
963 349
1509 2184
3922 475
1043 3499
1116 286
1046 1383
1654 460
1656 3347
3444 2768
2507 2347
2684 315
804 1442
135 3085
1056 3238
3975 959
3736 3877
3678 93
1725 2528
2654 943
3226 192
3064 672
266 750
3721 2389
3214 3861
1717 3391
821 1057
2068 707
1717 2006
1792 1528
3595 2447
1106 2019
3211 1379
277 91
1962 2955
2728 450
86 502
1341 1705
661 3751
915 2576
1081 3061
1333 680
1456 549
3752 3077
2262 802
3217 3794
3014 610
701 1929
3534 394
492 1143
602 2759
697 3876
284 149
532 2907
2890 3858
373 2596
2585 3865
1683 2339
3094 3565
1911 888
3476 3451
629 3368
2661 611
2055 943
1446 327
1960 3648
3665 928
599 2588
2533 2349
1384 2334
3495 1258
89 1309
1906 2185
285 3429
1393 2628
3194 818
810 3282
3752 1581
2529 777
2775 99
140 1658
3294 1995
2218 2010
1737 2268
3035 640
123 3938
3492 1213
481 2124
227 1719
404 2492
3047 152
2336 2795
67 169
665 1223
911 2176
1440 114
490 175
985 3964
1592 831
1403 332
3360 806
3800 1919
3080 1410
1217 1192
1746 3493
3142 1017
2102 2443
2964 724
1373 1738
1327 3549
3437 1848
3174 672
2861 883
837 1139
3202 831
804 1219
562 2797
3617 2455
3840 58
3848 2610
1293 273
720 1936
553 3033
1867 3940
3785 726
2534 1662
1854 3073
3000 3757
1160 1246
893 1075
3121 3959
3529 794
53 259
3160 3163
1506 483
1846 1637
1594 1781
2617 3433
2325 1030
2052 1819
1440 1256
328 1428
3854 73
3981 3810
1177 207
1594 1732
808 1865
3091 184
850 1220
134 1478
566 822
3054 2117
529 2243
662 2339
1058 3264
1563 2682
2575 2960
1185 1170
89 202
208 1404
757 189
989 3864
1906 1930
3148 20
1010 1075
2569 580
2720 2171
1693 3598
239 480
656 392
76 2193
3506 855
3385 114
2562 1722
3180 3059
3704 2501
2066 3354
3576 226
79 1526
340 706
1321 2310
842 880
2900 180
921 344
47 2888
3075 3139
1659 2814
19 3612
496 2647
2940 1348
2371 1449
3265 1020
3698 338
2633 1719
2780 1253
1468 2319
1707 1455
2849 71
3270 1612
3452 726
2899 2530
2713 431
3567 2185
3300 2696
979 1558
3749 3861
3759 2302
2572 3127
525 3627
255 1517
1879 1839
3415 1685
1002 2125
3736 3450
3478 908
1682 2988
346 1748
2857 1646
1641 3720
1450 1200
3014 3660
1326 3584
639 1250
2761 240
2473 1740
3365 3192
1761 3046
222 3675
451 2385
205 1377
2801 1017
3422 52
602 3390
824 1259
40 512
122 1930
245 2454
2324 3209
468 3544
19 1675
2475 1108
1206 3642
75 3559
3609 2373
897 2477
1693 1317
3873 3676
1123 1042
863 593
2426 3875
3132 1569
2392 2193
3101 3238
1845 1449
2222 881
1499 2757
2286 3236
2328 3288
2379 2614
2200 183
3805 414
1654 1633
1023 1044
3831 2532
698 1616
2250 3670
705 3335
1437 2134
2572 2464
333 3827
1634 2491
1482 2109
3817 2160
1495 840
1357 250
757 3745
1387 1777
1731 49
1194 1866
3457 347
2394 1966
1325 3586
166 2560
866 238
571 3406
3045 3847
3120 3433
2329 2986
2392 1783
1037 185
2678 3604
3418 3362
1212 1389
2837 2380
2397 2928
94 2465
3726 788
3927 1255
2506 2769
694 1313
2065 501
1872 157
844 1175
85 1048
2593 2641
2069 756
1780 3111
2517 3477
1521 1823
2976 3970
464 1082
3841 2150
3575 1978
2976 2565
3850 2384
1384 2372
2495 3746
2135 1747
2527 3462
3817 2702
3211 3880
1093 3979
2290 391
3255 1144
164 3861
3602 1986
2701 1332
515 498
2914 1666
3465 3283
3871 3689
2877 1029
2786 3954
2068 3071
2673 382
553 1953
2037 3661
2636 3220
228 50
1714 2497
825 3281
3091 3411
3843 428
2820 1579
2173 3791
1806 1974
629 2864
135 261
3350 2139
1441 3885
3982 114
3805 3434
669 212
554 3163
2195 2451
2636 3937
1493 2813
1381 118
59 749
2197 2592
972 73
2394 2467
2214 2539
2001 734
456 366
3663 1001
1007 816
3805 3346
1590 3158
3999 54
2870 3688
3874 1742
3778 2355
3488 2888
1272 3836
743 3206
1115 3958
455 2438
979 1232
2060 3113
155 1740
3445 884
2143 1967
3000 1558
1230 2351
3301 1543
293 324
328 3128
3594 2841
2930 1995
2432 514
2965 2609
3989 2510
821 2455
2772 3664
2025 600
3624 523
360 1580
3889 3146
1357 2091
681 3051
2398 2568
1751 1966
340 2376
3271 1125
2208 3877
3608 3864
2756 2804
316 1835
1982 1189
1792 1044
1014 3419
3140 1343
47 1428
2839 3191
1265 338
3007 2670
1046 1818
1702 2653
2842 1166
3733 1986
1545 428
208 1582
1768 3086
2772 3875
3690 3221
3189 3910
698 2281
804 363
2037 2868
708 2176
3014 3181
1882 2084
2777 1957
2143 2268
3004 3005
1832 152
314 2499
2232 1632
3024 286
2527 3885
1736 828
1871 3737
635 3502
2258 3706
370 887
3305 1150
3454 1353
832 1144
2278 3527
2432 3737
208 204
1321 2663
1968 1214
3774 2377
1888 439
3728 2437
1043 3293
3392 1997
2301 271
2884 372
2564 3485
2537 2943
2583 2987
3534 2565
158 2988
2112 1579
3726 1676
1962 1072
797 87
2190 3450
451 62
2251 250
40 2568
2932 1923
2688 1602
3850 3485
2894 2496
3110 1479
3147 3968
1311 2783
3291 3423
2874 1036
2659 2746
3669 2150
915 3585
2362 2171
571 372
3838 483
3550 2470
390 313
574 3423
3130 3139
701 423
1903 2751
1473 2644
1421 3269
3540 2384
1563 728
144 162
2083 773
3731 2693
3121 2334
451 1861
309 1077
3997 1250
1853 325
857 3115
2883 2381
993 2785
2961 2710
2772 169
550 1346
1605 2099
2562 2310
2195 1078
40 2099
1698 2288
2152 3139
546 169
1323 2109
3835 3648
3578 3362
1894 751
3799 2171
3211 3218
78 1715
2932 30
203 1219
3802 298
2098 3100
3372 291
1963 2705
2855 1425
598 1767
2973 3969
3047 1458
356 1796
1156 2038
3805 322
3239 1950
811 1289
3874 3157
2694 1009
513 3141
1746 717
3607 631
2458 1730
2533 15
2028 1741
1269 324
2279 707
3750 792
981 1862
2563 3410
3520 361
2832 1861
3344 2963
890 3743
538 816
23 1679
3534 393
3041 234
1739 2645
3707 3139
1768 207
1963 211
1787 375
853 1662
879 185
3690 2243
903 315
678 305
2556 1530
3118 338
3482 512
403 782
3473 4004
3234 2155
2040 3384
1499 512
3373 2035
969 3584
3839 2746
3546 1297
525 2460
2049 1028
3535 2815
2884 3556
2520 3269
276 474
3677 508
369 3652
2720 3601
3441 1738
470 1051
2244 2868
2720 2347
1935 3462
201 1436
1587 3034
1081 640
3290 2718
3998 3878
1112 2554
3665 2610
687 1227
2699 1756
786 1184
2884 1145
34 420
1630 1305
551 1030
2222 339
1973 1819
208 2087
2321 320
714 1953
3736 982
2900 1208
1269 560
535 1544
2167 3155
227 2757
3793 1477
1806 2664
255 2114
903 3955
17 3242
2990 3443
890 610
267 828
2005 1771
2711 2310
4003 852
3 856
2820 3287
3122 1528
3069 1708
1643 1709
1228 1291
2901 828
2040 237
1365 983
2101 1438
786 1453
2640 2346
622 2549
2545 2908
83 249
1333 498
1660 2361
2406 3695
3138 1072
1212 3513
799 2979
869 1108
2948 2443
804 1094
269 719
2715 80
3007 2739
853 3327
753 2294
1713 2709
3237 3185
2169 2285
3133 3379
1247 2923
3588 2689
164 1928
1680 1865
2052 1478
1571 2885
992 523
1893 3679
3270 420
97 3627
141 3113
230 2502
1399 2594
1629 1541
190 1235
1820 2903
3234 1923
314 3514
2909 3001
3319 1053
3294 1841
866 2732
847 2445
1247 1753
2604 20
926 605
2041 3864
3415 3519
3590 3440
3928 798
1871 3791
3934 591
847 3092
3752 791
2227 3994
1834 1561
33 2722
1797 3059
2245 52
3976 1134
2435 364
2694 3761
1674 729
1211 1734
258 3537
1111 2880
2605 813
1943 2302
1717 2257
702 3971
790 1544
3262 1105
515 421
2056 3627
1311 2046
495 3879
1046 2111
700 1408
1323 2627
1196 2988
255 3824
2286 128
3482 479
2650 2762
314 3406
471 3071
2482 856
2270 1580
3294 1972
1163 362
2140 3900
267 3493
808 823
2419 1740
3866 2586
1365 2351
2826 3327
578 1788
3975 1939
177 2816
2399 3979
2158 3472
3489 3549
1935 514
1620 680
1673 2798
389 631
1595 3895
1688 1858
3629 463
3871 174
1572 1469
1482 1756
1069 856
1070 2918
510 2378
1902 630
1903 2202
2398 2797
1475 257
2211 1940
2226 1145
94 1907
3568 2181
985 2606
1850 1072
2071 1802
3655 3119
1891 474
95 187
2777 1661
656 3370
3421 271
2220 2240
3304 3818
2511 3032
3245 237
3019 3955
3649 252
870 3043
3418 163
1325 325
902 660
2031 2811
1007 1487
676 3969
3998 1743
701 1270
3467 3968
3927 2082
3437 3642
3716 2869
3883 3196
2348 1065
2166 770
2687 62
3529 2686
2191 2868
177 3823
3383 3598
864 2189
2364 818
193 773
3529 2314
3982 3111
2937 3938
744 2464
754 3219
1197 288
2909 556
2209 767
3408 928
676 1530
526 2423
64 2528
2967 1467
3913 2723
991 1454
3563 1071
2701 3293
1090 1266
1614 3005
606 2955
395 1777
3129 1296
1446 3072
1116 3258
399 2174
1850 1522
132 219
2507 1678
1304 3378
33 3328
239 2240
1413 2087
3719 1757
3798 3079
1960 937
3841 3633
3941 1649
3180 2443
550 2735
503 3824
2582 1803
3476 905
282 2149
2136 974
1789 3885
1004 2768
3403 354
2256 2109
2005 1276
766 238
3017 1082
1524 2142
2471 2549
2405 330
1911 2665
3674 2026
3478 3366
2972 1658
911 2011
1845 2984
3630 73
206 930
171 2239
1902 1795
754 3979
3773 1546
2522 2294
2488 1188
3109 3134
3680 1803
2062 1603
2661 1214
3344 1729
595 2172
176 630
3031 2349
3011 162
1399 648
3138 426
952 2696
2629 91
543 87
3393 3900
3121 3547
3815 3032
3415 2196
117 1827
1247 2338
1766 899
178 1603
3687 108
2921 3269
3655 1178
2175 1617
509 564
12 2703
1142 357
3475 3025
2143 2047
3529 1750
562 1175
2191 2880
833 2873
2678 523
3778 278
3870 3038
1992 3033
2140 2261
130 788
3842 1464
3296 3675
403 1782
2524 3126
1629 3536
2941 1349
3160 1389
1971 3548
2624 376
639 2946
1806 3368
3176 1337
2330 958
2060 3561
2889 3346
586 60
403 3668
2482 1268
2681 3635
2639 1343
3197 564
3373 219
3147 514
3019 3746
3614 377
1918 3857
3617 219
1871 1362
1345 2579
682 2817
973 875
685 3327
2966 1847
2551 2984
1824 3106
3198 2584
464 2512
1399 1184
731 2011
1826 1314
676 3952
2729 581
399 501
877 3157
3799 882
158 1813
2213 3182
3748 3660
3129 494
850 359
1975 1307
2901 1771
3798 27
2333 184
521 2675
2206 2764
3839 278
3832 3293
53 1552
1016 1708
2853 2011
2632 1048
2884 3258
812 440
2890 3900
3074 614
1113 2913
3941 2856
559 2114
3891 1727
1499 354
879 184
2458 3500
1228 49
3109 930
2198 3050
2277 1380
3319 1602
2617 3876
1973 429
2883 25
577 3697
3355 750
3259 1466
1713 967
2079 3787
1960 2561
1559 1977
1892 473
2069 1685
1452 2893
3929 2338
2740 3499
1903 2346
2320 652
3208 2057
1760 1609
639 1811
6 80
6 2174
3385 3210
1512 3606
1647 2019
3701 1889
2275 3038
785 2888
3194 721
228 3885
318 2438
585 2943
1115 2185
3418 3780
481 1277
1194 3043
3563 1734
1812 2802
3164 2898
1242 3411
2065 894
557 1958
996 3310
3750 2525
2729 2538
637 2393
606 2032
2929 1921
1300 459
227 42
1645 480
1630 1556
1641 2165
3935 684
3705 2693
3 3732
2458 3243
2828 3755
1312 3647
3470 524
1441 226
3705 2075
3140 349
1298 2408
596 465
2065 1733
1831 3746
869 1631
2081 2864
2506 1434
3461 128
2791 1018
3374 3833
225 1733
3775 1245
1933 2531
3705 2710
1560 120
309 29
1373 1732
2284 57
1350 2670
3663 2808
2215 3545
1825 855
1899 1192
2542 172
1806 2491
1319 2429
2921 3853
1381 859
1269 181
3881 3909
2383 3103
3457 3747
190 3161
844 1851
2585 2369
138 2993
3422 630
2417 73
2169 1442
3265 2539
3789 3577
562 767
4002 1057
1499 919
2143 3188
2829 488
1122 2696
1800 3577
3682 2421
2831 1099
2312 1088
293 3310
1509 1827
1856 2987
1197 1064
133 1282
59 2816
1595 1965
3825 1974
3198 802
3255 762
1908 501
2900 2310
1749 2935
1265 408
3525 3925
2100 1861
2096 1145
22 881
3863 3713
1206 3086
2754 1406
1468 2434
3984 3807
3428 3044
1960 3434
3922 3616
673 2504
65 2276
2180 202
3408 549
2842 2696
3470 2742
1118 315
1261 1285
2029 2360
2333 1374
3975 3994
3403 295
658 924
1068 624
3665 1001
2772 3354
2685 2384
1518 1964
997 2628
3101 41
3275 1597
1917 2157
3572 272
2246 1314
1215 583
2055 1722
804 1704
3415 941
2602 3405
173 1152
3783 798
3562 3221
285 474
695 3926
5 889
1824 3745
2574 841
448 2993
390 2789
3893 2784
2248 3797
2180 3640
3211 2988
3975 331
2655 3487
1989 1675
481 2911
3623 888
2066 3851
2417 3131
3488 1923
3420 910
3460 508
522 3283
1842 1815
2684 2282
2402 3511
803 3500
3174 871
17 2620
893 613
2342 1685
350 445
557 174
3825 84
3481 3204
1604 1909
2258 3322
503 446
3505 15
1622 2815
2195 613
3305 3156
3099 298
404 1770
1116 2647
3164 1916
1703 2109
105 625
1960 2153
1368 3695
3398 2046
3854 1464
1228 2806
1066 3597
3753 1301
3302 3553
442 2816
405 3113
1766 3845
2404 1809
519 910
83 51
3356 169
3265 2733
3674 475
2198 236
622 1710
3057 3565
1116 3758
3098 2565
2330 1765
2427 39
3237 236
1243 970
200 1219
178 394
2313 1307
2371 937
1830 1533
3060 2992
135 3126
1447 3346
1281 2115
992 1379
682 855
1880 1324
2884 774
328 2176
3010 1839
1800 421
76 477
3808 1685
2916 1202
1656 2997
318 2327
3057 540
3819 2864
2077 1609
1096 2771
2468 614
1498 3335
1812 2703
2479 943
374 1755
3594 1504
2655 1355
153 2638
3460 2856
1264 1848
145 347
3417 3937
873 51
3358 2134
976 3281
2301 463
1155 1183
1542 1988
709 2265
1605 929
3596 204
353 2548
1854 3328
1560 1747
936 2802
3299 3231
2379 157
147 2627
3198 3257
2025 2298
3854 3391
2074 930
2080 236
281 3095
1011 3433
3803 614
2740 1361
530 2441
1039 371
2740 1379
3449 3852
3383 2120
1913 1226
827 3439
3408 1136
1944 413
59 1375
3656 3450
2770 1094
245 612
3882 52
2067 2302
2971 2931
1339 1799
3448 1260
2819 2827
3997 3182
1400 73
2292 2606
1024 843
603 2868
1225 1976
2101 999
2221 1271
369 3909
2469 3745
435 2439
3772 1646
281 1162
585 3281
3237 2156
2694 1233
723 3020
2780 3113
3855 1296
1682 1394
123 2643
2574 29
1488 2421
1356 167
3871 1032
682 854
522 2494
1925 272
3663 1199
3473 1467
2599 3370
3571 1285
1084 3537
1496 2528
1789 2926
2308 839
1264 2484
1364 2149
2889 520
2135 2264
874 1755
1903 2568
3634 3715
3217 1966
804 1126
2630 2782
838 1307
722 2530
3677 1997
3355 476
96 3822
992 1778
1537 3367
1567 828
918 1253
565 631
2971 2064
705 2179
1969 1837
3006 2978
1118 3606
151 2539
3798 3346
66 1198
3270 1057
74 52
3783 4000
954 3399
3515 3517
2877 2400
1470 2603
2836 3238
464 2051
3415 15
1248 2610
3521 3765
404 2315
3725 363
233 1266
3465 192
790 1208
221 2797
3442 2891
3658 1181
1879 1270
3437 1021
3622 3154
3334 1490
2232 2111
2669 3286
3907 1351
2765 630
1714 1223
3580 949
622 2034
3292 2516
2175 1078
3719 359
2691 2558
3894 1198
130 1926
825 2923
3609 1296
1081 2565
3467 666
2640 2490
2824 2690
198 2104
989 3968
1593 2626
2865 3569
210 3662
2636 329
133 1597
1084 2847
3473 1455
2668 3729
1877 2087
3999 419
979 3480
2291 3036
804 2425
2729 2958
976 3676
1102 1756
3 3896
1576 2319
1419 600
1005 2568
2419 2464
2602 780
2834 3592
2544 2841
3168 3264
3863 299
3484 555
3316 822
675 1074
3709 386
3014 3762
602 430
1328 3764
231 1425
2308 202
3463 876
1216 3100
1397 1200
3701 3582
2657 1978
893 3536
4 3980
1671 3991
688 564
814 3968
764 1606
484 3173
3541 2327
255 2242
503 3738
3686 2902
3197 1425
1417 3974
3363 1670
2090 101
2777 2486
319 2004
2879 1377
987 1770
2329 988
2379 3225
3576 72
1902 1995
343 612
2583 1889
2571 2733
1063 1997
1973 2236
2585 3044
1295 2718
3741 1503
2934 2315
3422 1029
144 2168
2618 325
3048 2377
669 2480
1491 3888
2003 2361
2564 3086
1891 660
1000 3124
1538 2913
1407 2808
2208 887
2820 331
3031 611
1070 1881
1878 3485
2518 2548
2330 2957
3478 2776
3793 2499
923 643
2316 1756
1264 2552
3458 823
1221 2810
1019 3112
3 2672
470 2561
156 2021
2524 304
2839 1202
3268 3569
1129 547
3016 2035
2650 1239
3041 1536
1010 1959
61 1222
3677 3579
711 2526
3360 1791
3256 2234
1829 2735
2618 297
1234 2790
2544 2282
1846 928
3927 3331
1421 49
37 41
239 81
3165 2873
3678 3668
2527 3735
340 2011
764 10
383 1610
3302 3157
3532 3861
190 852
2147 2411
2291 2955
1775 1436
2123 2334
2059 4000
435 2892
2217 2779
1247 3187
620 334
1973 3519
812 2979
2731 3513
2836 332
2677 1823
2912 3347
2212 236
3704 1742
2633 2429
2067 3354
3254 3830
2368 157
879 514
3602 2848
553 664
521 549
3572 852
1585 1790
1321 3577
3475 999
1886 823
2766 3169
2953 2672
233 3161
1130 3315
2485 1923
243 2863
150 1144
3508 2165
3254 1289
1850 489
3573 1600
3098 3958
2123 362
1845 3167
2714 3885
3350 3253
3475 1909
2478 1223
3284 1625
994 2314
1441 2596
3022 2128
2406 788
3223 1213
1019 1256
3725 1227
367 1477
3445 1526
1760 2418
117 2124
639 2282
2468 1065
3168 3822
1962 2869
2113 376
1761 1840
3420 3569
1863 3937
2575 2146
2750 1302
509 1423
3798 2706
2151 1607
1744 2298
374 2263
2980 4007
2033 968
3263 1981
2222 3046
3263 2361
2037 1017
1812 3328
927 2709
3682 414
866 3917
3889 2462
3686 2730
3130 747
1836 807
1116 3661
2096 428
1548 3729
2246 3354
70 2338
2720 2744
1864 477
190 1847
86 3764
3505 3233
3848 686
1884 392
541 274
40 3836
2432 3185
1758 2707
991 831
2387 3599
3180 131
2871 3029
2320 2039
1880 3940
711 626
3363 1009
893 1098
404 2760
3198 3127
3336 431
2291 560
164 3950
3595 540
3140 306
3387 3953
3698 3627
1983 3747
3859 2646
851 1815
1069 3597
851 3584
3639 311
2861 1504
574 1030
2974 2389
3340 1701
1883 895
1008 128
3997 2139
1334 895
3581 3599
694 1020
333 660
198 1632
578 1103
3148 2860
722 2938
3783 1979
3759 3298
2433 2803
2772 1317
3094 935
3850 537
1480 1519
1265 1219
574 93
34 980
2518 2254
695 2500
1218 3348
1550 317
3505 311
3030 1229
915 3697
530 1257
186 3969
2910 995
1826 904
2867 107
3982 3644
1492 72
410 3469
3867 3558
2591 1582
867 1847
2151 1743
3256 1608
418 1306
1221 621
2540 1260
117 2560
1682 2064
2042 1711
720 807
3212 970
3501 1822
1132 508
2340 192
2235 3962
2244 943
1264 3182
1789 299
1627 1936
3690 71
784 212
2820 3895
1041 642
2855 3718
155 1765
267 211
2325 1540
3266 3050
135 627
3608 2787
1475 3761
3509 1208
2910 3807
1381 1359
2995 69
453 2264
2661 446
3151 160
2937 204
1378 1001
3136 3603
1901 2799
574 2420
205 663
2536 3605
3266 1976
2083 2327
815 1939
1080 3243
2290 3498
12 1199
2108 3298
1876 2437
1013 1241
2930 3241
833 3729
1267 1296
1010 1818
3680 3962
2758 986
673 1394
2857 520
3590 1199
1116 2107
772 445
2945 1767
710 2707
2167 421
2567 1256
3326 1275
3068 2241
140 3878
1635 1380
3266 1945
2483 3144
3168 2456
2737 2594
2940 2168
2340 430
784 2084
1201 3113
3444 2298
2062 590
2505 3005
851 3670
158 1290
2191 2947
2617 3368
644 1253
3473 590
3273 265
521 278
1019 3059
1524 1064
832 2895
3515 630
994 3480
2831 3569
689 2510
370 494
2291 988
2252 106
1382 3433
568 2841
575 597
2003 1245
3512 384
258 2319
3501 1073
228 871
2056 2408
2382 1049
2721 2800
1076 1959
551 1170
443 1134
2777 3924
4001 1928
3719 1184
1970 771
1300 2984
2195 185
3882 2817
1123 3107
1129 1369
1385 362
293 2679
95 2873
3712 2477
3749 1988
3990 765
3094 632
1663 1233
3698 1077
3211 3991
3254 2610
3049 3451
3202 2893
3296 1257
3030 1730
138 3964
2633 55
1980 807
3998 2561
629 1743
3506 2559
76 3192
200 214
3774 1366
784 2924
697 1727
601 1072
1863 1287
1870 1529
2473 2315
399 765
1998 2231
731 2672
3930 1930
1101 632
3838 2782
1460 1905
1405 3119
2605 3917
670 615
598 306
221 999
2092 2413
161 3911
3931 1623
2694 2718
3982 1353
321 174
3777 1584
124 2938
1912 3640
3678 1547
104 2584
3785 945
3245 1502
2666 1021
3421 2231
1647 3995
795 3317
3132 3746
3570 1188
3535 2952
639 182
2639 2858
1163 1207
679 2361
1154 3400
3881 26
3882 2641
178 2114
3091 1965
1443 2978
2832 391
3789 3126
534 1121
3653 2240
2741 3569
3665 2295
227 2243
3614 341
1041 2723
815 1275
3793 1995
3337 2512
3426 3310
2623 2494
1999 431
3989 3957
2949 2548
2205 762
2662 3253
595 2588
370 2988
3457 3096
1687 1573
1531 3085
2699 1708
1887 2531
3476 3249
1209 1809
554 3556
2278 1756
2598 3480
3081 1481
3770 1044
3934 2771
2283 1060
1518 3061
3081 545
3245 324
3815 3368
1185 2377
742 3598
3078 3370
95 1987
3012 3264
1854 1610
3140 3258
996 1957
16 1462
3332 854
1240 1278
3600 1610
1931 1220
1739 1552
2321 2768
1829 2114
1447 2369
3753 3830
1357 3910
3363 366
775 2773
2479 3379
2580 2331
2684 2192
2541 1338
380 237
1690 3367
1789 162
205 1353
2221 949
985 2470
2333 3857
1016 1730
688 1916
853 2009
2402 3860
2819 3519
3260 3666
3237 3938
3255 1730
134 3391
1760 2160
2436 3636
3030 3042
3741 2148
374 3734
3621 2513
2830 958
3130 2115
851 3516
3540 547
659 2992
2375 3253
2062 813
141 2300
1283 2106
1892 2006
3239 1561
1342 3250
2332 450
456 2266
2162 2637
1382 2499
1585 2515
3989 1349
3975 1012
3624 3177
3481 25
3508 2377
1156 169
335 1895
3736 988
1242 274
3436 1708
2210 545
147 1250
3726 774
1983 1860
2402 434
3587 262
2796 802
2577 1349
2488 974
2402 1799
3570 1427
1927 3076
3509 2109
203 770
3778 2498
720 371
1417 3025
2527 2985
2323 386
2022 597
3200 938
2830 3605
2929 3810
2163 3769
2910 3213
3013 2622
2812 1757
1008 809
3898 162
2252 2430
3812 430
9 767
2398 2225
1342 654
3768 2709
3147 459
1659 1790
1185 1618
1850 2254
1903 3961
191 3386
3301 3455
155 677
1575 142
1681 800
2615 1108
1645 1534
1505 2963
2681 254
3594 174
499 413
599 2351
3326 2365
552 1699
2067 706
2279 3032
2995 2170
1247 1579
3028 3885
1443 1097
53 1146
3788 1642
844 2553
2204 344
1792 2521
3796 2919
1470 163
2260 666
1456 420
3296 2952
4001 1398
2458 2460
2363 3364
2188 2773
1683 4008
2604 1150
1567 88
801 3968
2291 1841
696 762
1326 476
2593 3627
2387 1597
1917 446
801 1977
43 3182
3832 1254
1872 2787
3906 621
1797 735
2 1640
3736 887
3725 3025
2173 2349
1172 1508
495 3381
673 1027
931 2082
1210 2911
3781 2561
691 1418
702 2808
595 2360
2260 3029
2383 3685
2711 1001
3903 1541
3658 612
2524 3127
2343 3040
3744 773
124 1018
2448 1086
1572 327
969 3433
1695 3689
1628 959
1884 1203
575 3084
2218 2302
1784 2261
2506 2683
1154 3517
3783 313
3867 1202
2684 1251
1531 2991
2748 1375
617 393
2147 494
2537 2039
2382 2628
817 1773
3725 597
3138 3491
3518 3561
2205 1583
3891 109
2611 3347
3620 3092
2522 1229
3863 735
2284 749
2780 224
3142 507
3000 2425
156 322
1886 1802
2278 1316
510 482
885 889
3398 2690
1013 1178
1496 1986
2116 1198
2884 3240
3696 119
3570 1214
2914 163
1572 584
2020 2811
478 1072
3748 294
819 1103
1463 2670
2574 967
2076 3423
3848 3582
2517 3647
289 3737
3190 794
2166 3625
2052 1781
2077 1379
2151 1503
2514 2142
100 1861
2828 298
3172 1322
741 3647
251 44
933 666
744 2719
602 2863
3474 1951
709 1428
96 556
1772 1796
2505 3779
2602 856
2602 352
499 555
4001 347
865 1490
2748 1036
3401 1351
1698 1804
3326 3776
1485 2047
2287 1569
849 2634
900 454
864 3314
3389 3973
2162 113
3483 25
1342 1909
256 524
2934 1157
89 1602
678 157
679 3209
1334 3818
2479 2621
3893 1445
2780 3431
490 2742
2137 2672
2916 351
2306 2925
561 3909
1949 2339
2419 1183
198 1395
2483 1857
604 2446
1212 580
1682 1941
2999 14
3555 1948
3540 3980
191 2051
2067 3201
1263 202
2212 1748
208 1558
1263 3914
685 2302
2289 1666
3473 1383
3247 686
1643 1297
3065 1170
1493 3640
2786 1916
1829 959
2015 2302
3520 1183
737 1042
504 721
1440 1149
2166 2893
2206 2543
1946 1584
141 2603
1830 2431
2079 3230
3380 1455
12 1021
2874 3932
1243 667
3859 3244
3263 3293
1473 1986
3573 3127
3944 2168
3870 2515
1520 1040
2374 271
3387 62
713 2078
3534 1117
885 816
3292 3170
3736 1103
3275 3370
2585 2821
962 655
2625 582
2158 1897
3523 3862
3149 3050
3374 1817
2977 3670
3387 908
842 3700
2517 3517
3284 3702
1240 608
2023 172
2198 703
1924 3915
1300 581
3202 1054
2201 1625
3674 2467
2182 429
3767 1561
2316 624
2175 1948
1206 2954
2402 3675
1545 2014
903 2672
517 3724
2001 265
2212 1972
553 2676
1931 822
2280 1920
1482 930
2691 1597
3727 3493
3199 483
857 3958
3563 3979
343 3233
2474 473
457 1064
761 608
346 1723
2345 80
695 3201
2770 344
722 1701
2428 1710
2342 3205
2726 1184
574 762
1327 518
3478 1015
34 1528
1016 1371
1906 3499
443 3497
2412 2908
1062 342
1100 1490
3407 2451
3307 3963
1971 1208
2820 2199
2485 2539
3939 1885
89 1449
1904 3597
2090 2298
2624 3468
1081 3466
2197 234
3416 3974
690 2466
3935 1977
1111 2710
2205 3314
3854 2614
1667 2543
1416 1655
251 1558
3474 729
1327 2513
603 630
340 364
3943 1426
1191 345
897 3146
1513 3278
3708 3742
2681 1052
3716 1390
2371 2165
2728 106
3903 2922
3208 3244
3105 668
3490 2915
1269 174
2655 1150
1737 3606
3854 2454
412 1727
3003 719
470 567
3123 507
529 2494
902 3504
2296 3942
3916 3413
766 3949
1341 3500
731 4005
1605 1580
2218 1434
3768 3485
1399 1602
2471 667
708 1754
144 1526
1736 1030
3546 780
2934 3249
1498 1837
493 3293
3778 420
2183 2635
3121 2314
2581 216
2033 1094
3874 2706
3000 1957
2886 660
783 408
1405 1428
1707 1349
2356 1974
2340 1374
837 3240
3984 632
2900 2928
2458 474
2964 463
2786 2920
319 2051
478 365
3247 3791
662 1410
931 2443
3542 2939
3489 2122
650 2341
3541 322
3550 1774
130 570
3359 3937
606 2109
964 2044
1735 3591
96 3895
2650 2986
1943 1490
312 3038
1238 1477
2546 1838
3309 2104
1315 642
1812 3611
2828 3738
2545 3814
1896 2233
1877 1256
2188 751
3355 3564
3324 3002
2406 204
2749 3977
1621 249
290 745
1488 1302
1409 1380
1886 303
1846 3496
3521 1573
1604 459
2850 3166
3104 1929
3982 1895
2999 3659
2483 793
601 213
3268 3327
2666 1139
3907 137
647 26
1090 3005
761 3250
2941 2744
3011 3343
2013 745
3796 2689
743 3643
877 2314
2883 871
1645 3367
2832 3206
1650 2610
2076 1599
3916 1930
815 924
2870 1582
3727 1251
2312 2986
2495 2124
90 1141
3360 3167
2394 1959
3168 465
1824 3739
1908 643
1333 292
3589 630
519 489
3369 3689
2337 3952
2055 883
3183 3072
2509 1178
3709 1711
2269 474
2473 2619
2066 555
878 1380
2395 789
2668 2365
594 2331
1470 1822
3007 3695
3903 2703
2040 693
509 1287
1932 3144
243 1136
915 836
2398 452
1863 1442
2479 3423
730 2757
1472 2017
3796 2561
2973 1067
3982 1972
1399 1410
2190 2393
3180 216
1350 2481
1005 2154
3385 1855
3048 183
1228 2128
571 3950
596 202
1627 488
176 1246
1038 664
1310 625
3255 1519
2018 7
821 28
3806 2918
3458 2676
3324 2771
3560 1235
1421 2918
1328 3462
3372 2957
1070 2359
1856 1865
1516 1374
609 1297
1281 1840
574 2760
1345 904
1472 3995
3183 432
578 699
3744 54
504 3264
2877 3315
1784 3879
1535 1189
383 2866
3403 750
2844 2885
2432 627
156 3544
370 1044
2794 3100
3678 3322
2066 2637
720 2938
944 424
3725 836
2611 1167
2041 3267
2608 2016
441 570
1354 93
893 1781
2479 3957
594 2352
2659 2377
3520 3545
3441 2952
1461 1292
2862 301
536 719
3518 219
3759 109
2348 999
1463 1945
2577 2355
2448 2498
1687 3040
2820 3044
815 3314
100 1819
3907 2918
897 1032
3701 3762
2550 482
3966 1226
2870 2125
1035 2338
633 273
1924 1597
1687 192
3509 1777
3486 169
1474 2386
536 2652
825 1738
2417 1706
2629 1637
3422 2997
896 2547
1717 2638
3886 1958
1376 1823
2226 1021
74 128
837 1701
1856 2327
3665 327
2912 2146
3359 2384
3088 1181
681 1817
3725 1380
2727 1709
2953 1637
2102 3477
3332 1332
3534 2792
500 3364
837 2515
3028 3619
691 1770
2752 2588
2081 1128
873 381
1308 1781
3208 3466
3412 2558
2755 2380
3677 2438
2468 2063
1872 882
346 27
1489 2763
3999 2126
2829 3195
3019 3402
2921 1922
2214 1249
2632 802
3208 2547
3529 2263
380 1223
1745 2017
1452 549
1643 3526
2650 3367
741 3158
891 2679
2074 3552
1473 1018
2158 3507
2033 3786
1405 2918
3271 792
198 2644
656 3232
3669 1936
2342 2984
318 1750
1563 252
3596 2254
1759 3051
1797 2868
2262 781
3825 3593
1360 1723
1168 3059
3120 3827
1413 3246
19 1536
323 1383
622 2643
1518 434
3254 748
2002 2732
885 3144
1703 3801
898 2489
832 2351
2726 1103
1850 3955
683 2675
1488 999
3709 840
3892 732
3109 507
933 3640
40 2723
1238 828
3976 789
3471 1044
281 1616
2357 332
2238 172
1242 3163
2071 2490
3951 2492
2914 905
3101 1167
2368 2519
79 3394
3120 1402
1138 1785
649 295
2237 106
1209 1490
509 668
3669 1839
2249 3335
3369 1245
3562 1773
1914 3175
947 3162
3607 3282
2382 3227
302 108
277 1097
3594 3406
2147 1222
3228 728
448 2913
994 2159
799 2815
110 2938
2872 1133
742 482
651 288
3436 391
3301 3131
786 3654
902 31
1378 3222
3893 330
1864 279
609 747
942 3786
3256 196
2330 339
1111 2859
3009 1001
516 2656
141 806
2910 187
3476 1599
2025 3879
3736 3242
628 2911
3609 2445
3418 3959
2284 2452
530 72
1110 3379
2542 816
2426 2589
741 1672
2927 724
1911 660
3809 2072
2936 169
3153 748
1272 3219
177 1144
1385 636
85 392
1647 1167
2059 1165
1911 542
966 2149
3065 3034
3898 3193
1172 1860
1854 3434
3939 2421
516 816
2964 3020
90 1052
2245 3134
186 91
515 259
3506 1401
46 209
1775 2088
3066 3963
458 313
266 396
2363 1401
3415 1438
3319 1028
3088 822
933 2628
2255 2690
3448 1666
83 3367
2090 1094
1491 1709
824 345
3010 60
2058 816
3741 3672
2976 1638
1081 3706
934 1961
1593 600
601 1398
1566 3864
2194 3574
3301 3924
3614 1547
3069 184
1063 625
3811 3896
592 3737
1690 3836
1446 1167
2655 3196
3047 758
847 2192
1112 1881
1854 703
2357 297
2003 1837
1237 3313
2166 1938
161 1584
1381 3942
3083 1490
3831 288
3889 3250
1562 1897
783 3660
676 3368
3543 855
3023 3455
2605 474
115 3959
3508 424
2936 2150
3463 788
3463 2789
1323 2991
2930 3139
1248 929
2094 1676
3309 3747
602 3593
3088 1246
67 776
3009 1710
3031 1765
3140 2187
915 3233
3266 436
3448 1030
2897 2376
16 2559
1407 348
2337 2815
3855 1203
3535 2898
3793 2464
2027 2500
3067 2494
256 1581
931 416
1531 1809
3908 1143
1331 1231
1195 3583
2190 2906
1033 2943
3336 1987
575 841
1373 2911
1026 806
1605 1040
2250 2099
2748 2242
2678 1428
1407 2241
1735 102
3017 1670
115 1897
2599 1584
79 57
769 875
2433 684
1384 2230
3550 1794
1237 432
1828 3187
2337 364
3308 1958
2540 3143
2520 2620
2238 1176
2608 802
2917 1347
3844 1108
3058 3545
2029 3106
3682 1028
2828 2856
3460 81
3594 2438
2030 2515
698 3052
2747 2043
1713 3210
2054 2154
1293 494
592 2421
673 114
3453 2613
1147 1207
815 10
1725 1029
1867 1448
913 1974
553 1709
3199 1236
3617 36
3228 2057
2929 2957
3234 2760
827 3666
1330 1934
2599 1262
3744 3900
2105 3877
3465 1565
3389 8
2081 2045
2602 3558
1518 2778
3990 1207
3149 488
1960 3847
3133 636
993 956
3614 1079
3542 3524
1378 2565
1506 2317
893 288
1187 2644
3956 365
2673 2895
962 2193
553 51
2595 2696
973 1466
562 1288
902 465
3474 3910
64 704
3067 3413
3939 1791
3741 875
2292 2139
1169 2955
2324 401
1714 1061
1932 3942
3089 68
3916 337
996 330
3168 3554
815 1857
694 1374
2023 2532
1100 431
3198 2331
1902 1418
534 3440
1242 1398
1334 2207
3356 450
2872 3972
3409 1021
1112 432
2190 887
1055 1231
3572 2171
2366 1637
1205 1774
333 1117
3870 1231
1333 3052
411 2923
2536 3955
1003 1108
2308 2782
656 2963
3550 3847
1037 378
1910 1616
3897 1454
1808 2353
2028 394
902 2781
158 677
1984 2165
156 232
550 2390
346 3625
1955 3829
3418 1322
2580 2695
757 2763
1896 1926
16 3084
1696 1638
1321 3946
2887 1658
1197 2294
2896 1750
3290 2707
3840 1741
3837 2762
991 645
903 1117
499 2131
3353 1164
3389 413
1960 332
1123 692
1295 1104
3488 2979
1194 3311
1690 1599
360 3181
3817 3366
3563 3720
1665 2420
3727 684
991 2725
3703 2708
3407 1199
942 1286
2027 1941
3719 211
1590 2425
3607 2504
3534 2958
1604 1126
866 2800
1878 288
825 3328
2251 1061
689 3086
599 2880
3678 3293
2936 2988
2677 3468
453 982
2250 2526
1433 4005
2522 1277
3365 856
186 2231
3760 3131
1474 1143
2636 2229
3360 2637
3684 2769
2833 1347
3711 20
1388 3283
2527 1370
2967 2613
3501 3949
1560 2322
3719 2393
2865 3971
2306 4005
2065 907
2581 3937
208 1086
1645 3991
1350 1061
3850 3166
595 2706
1714 1706
246 2125
1641 1064
98 3527
268 638
92 2683
38 1586
1735 2676
3062 3564
1724 1865
2578 1099
67 2744
976 703
1925 3950
2249 1426
955 2106
263 45
1437 326
1643 477
530 3312
1859 3915
744 219
874 2168
3817 189
2208 2243
679 3396
921 2525
1688 2818
676 1030
1524 3222
833 1349
1415 2273
1419 359
2401 2297
1828 3603
3721 1145
3839 1583
3013 3612
2222 2142
350 313
2058 1335
870 172
2303 3366
1269 3170
2522 1699
1387 1352
3344 1623
2342 581
2852 1953
97 3769
2306 2641
3026 1061
2252 1052
3707 3450
3135 1508
2406 734
3560 558
649 3958
3651 2918
1812 3965
1488 1612
546 3283
3773 1723
1070 826
3768 1053
2296 3156
2972 3632
825 2764
492 3559
3483 2619
2540 1740
3316 102
2364 3429
2593 2388
437 2389
2909 252
2775 413
1797 69
2374 2723
1493 630
1437 2656
2632 3386
1131 1346
913 1091
2529 3498
3760 858
925 21
2345 1289
2537 2652
602 3780
516 2038
3256 3938
2432 2155
697 3912
2018 3526
3624 1126
993 2539
2691 1017
3165 1048
1902 461
1154 1044
3254 1704
110 1449
3667 168
2098 279
1954 1740
3292 2139
993 3038
1509 2603
532 1246
1806 3364
656 2888
2432 1425
2175 2746
3976 1141
239 1723
697 1631
3344 2745
2274 3887
1472 770
705 2420
3639 1146
3844 393
1917 2723
1247 3958
3656 3784
1107 2181
2348 2952
3316 72
3464 3925
784 3676
1942 189
1896 2652
1693 1515
2283 1638
2296 1890
3555 2440
164 807
2945 2462
2255 1734
3795 1995
1132 3173
3180 1487
2529 1395
3723 2963
637 445
786 655
568 2818
3768 2903
3680 3241
1574 2407
1833 423
210 224
2694 2447
2025 1060
3817 196
3934 3552
3826 1136
578 2915
3214 567
1634 57
3463 366
85 3561
2306 3084
978 2497
1971 2346
2567 3267
3404 2369
395 3829
3649 1711
3208 1192
1405 1633
1022 3218
3199 1458
1643 1459
1577 3061
22 3880
2182 2501
1639 883
3412 3720
3021 2548
2714 1573
266 3210
1990 3751
2812 3038
3663 3178
1627 2457
383 3402
3421 1049
710 1260
3714 856
3024 1152
2144 3205
2673 3459
1825 2717
2791 291
3936 1691
146 1978
3570 2172
4003 1231
3305 2763
3881 587
596 1916
940 2742
2201 668
2831 2452
2220 3539
3756 1133
2238 1623
2877 3722
3850 2653
708 648
708 1515
3101 2315
2786 1307
3886 1375
589 2818
669 1346
2807 2594
2877 2882
1066 805
1388 2118
3436 3821
743 1029
173 960
2542 943
360 2554
399 1822
1350 2708
1147 3751
3967 1783
2836 2764
918 2106
675 28
6 1374
308 2952
2362 2622
1766 1795
2861 112
2473 3070
2204 1754
2890 2956
1154 2782
3703 3764
656 2795
1336 1114
2598 283
2113 2346
3140 31
281 2918
263 477
3360 2043
3159 1222
3978 3983
575 1057
1659 3141
2750 2722
2668 342
195 1044
1267 253
2368 1502
2506 3001
3237 1034
1725 2516
3960 570
3628 1280
3247 718
3435 755
122 3983
637 612
1800 1540
3486 1428
2897 2968
3803 980
2191 1256
3753 2207
553 580
2713 477
2883 2254
1759 3330
543 2148
2940 1255
383 51
562 820
478 3274
1780 2476
3960 2480
3975 1479
3848 3915
2807 965
1058 1299
3581 119
1147 3044
1409 2111
3067 1124
3270 169
1160 2519
154 608
1990 2859
2343 2181
1312 229
2324 452
1110 1451
3453 479
1749 2467
629 2559
1656 852
124 3186
98 2978
1643 2620
963 1181
2270 1301
1780 2456
1210 3652
3372 3018
3813 2470
2056 1976
2593 2263
722 1529
1512 3124
3420 2869
592 2139
3752 129
3712 1483
577 1608
3908 3945
1687 1530
691 1640
1357 3169
741 1065
1880 2156
3947 3549
870 366
3781 3450
65 3462
617 215
134 1465
2909 1977
714 3170
2068 1262
3792 3765
3355 1379
2344 2588
66 1791
3772 1684
1300 2361
2258 2359
1746 1202
1234 3381
2937 1171
3251 2127
3259 2621
2495 3241
3621 636
300 3610
1357 1522
3340 2192
2715 3713
1005 3059
2740 1655
2432 3213
1111 2148
3383 2672
1417 2759
3049 765
194 1042
2041 2638
3753 2408
2028 3685
34 652
3449 3681
1430 3367
3251 912
2169 1609
3132 511
1688 3994
67 1145
156 3248
1119 3627
2835 1958
3767 1167
123 611
2041 337
3356 2007
3057 3205
165 2254
2876 2073
3216 1916
2056 3564
3334 533
308 3857
3944 152
3628 244
2333 223
3352 2331
3981 1362
2162 1677
2221 1
3759 3139
2267 1551
151 2300
1474 393
3501 1410
2258 2621
1364 473
1242 2171
3728 1057
3649 1064
3783 556
469 1262
34 1127
2402 1848
527 2986
1592 3531
2404 2816
3353 999
804 792
3352 816
1242 640
155 1951
2934 1029
606 3539
1931 1464
2563 2858
3109 298
3944 836
851 2171
541 1431
2605 3816
3733 892
2691 114
2590 2925
3731 3794
1110 3681
3562 1861
2041 3112
878 2339
2916 943
1594 1540
1668 131
1639 1670
124 1152
3049 2172
2074 3652
3407 423
3871 919
3251 2538
139 8
934 128
2840 60
2332 3210
2312 839
891 704
3211 1922
3464 1939
1206 1796
53 2497
1340 91
281 748
2772 2122
2105 1640
3383 3700
1592 2438
3463 3093
1331 572
3927 2717
3866 1528
553 240
1422 663
333 2461
2100 2952
766 1117
2567 632
1933 2734
849 1250
1902 3346
3260 170
694 2922
2212 2913
2668 421
1147 3144
3508 3219
158 1343
1868 901
1068 2276
588 3822
2850 3097
11 2566
3082 901
1902 613
2085 3537
2272 88
2678 3274
1596 1077
3414 30
3045 593
2383 388
3089 3791
2964 3282
934 3942
3089 3005
3528 1109
3104 872
2166 329
936 259
3838 480
3133 1135
3930 1776
228 3485
3943 570
335 3604
3897 1192
3389 2117
3944 1900
3712 2243
2791 2970
3383 727
1560 2107
661 3603
2580 2923
801 1383
1829 3161
2843 3631
2289 3240
3638 1133
2200 960
2404 2643
3415 3107
442 1363
318 2073
2375 45
578 2350
3301 3056
300 2816
1856 1104
1050 498
453 257
2729 3675
321 872
2325 1930
308 3619
1113 1835
3458 3794
3893 3500
1559 3952
3826 3328
496 2229
2506 3499
3069 2437
2640 1740
1357 2114
2942 3462
1486 3439
812 961
2296 1294
2213 1777
779 1322
2740 2179
2354 2531
3426 1126
710 2307
683 3963
951 3995
1601 3745
46 32
3621 2958
1210 1149
369 1613
3967 1670
2720 3357
2357 3032
2478 2006
3521 1890
3474 3565
918 414
3349 1619
3420 2535
3495 3973
12 1528
3031 2036
1943 3343
2651 3737
1665 3715
1085 582
3339 2924
804 831
1896 549
867 905
1650 1568
122 3018
1808 1226
1542 3820
3521 3277
1339 2334
417 1425
2546 2376
2514 2452
2794 3925
94 668
954 81
499 3206
3065 2159
1055 2460
3483 2046
3369 2045
3441 1245
551 2309
3856 4005
3353 2057
3296 4000
911 572
1574 3222
599 1844
3104 1568
409 2979
1821 3932
1980 1404
926 945
1762 2264
2042 3942
3572 2010
3003 3742
1531 2718
1991 1941
3518 615
1808 2774
3785 2856
1910 858
1687 2644
976 1710
2582 2466
954 995
2503 3746
1668 2512
2195 2014
1484 2411
1566 1227
2487 1483
3951 149
736 3824
2540 826
2343 1426
1403 1809
2522 2496
353 1632
2724 2107
3171 643
2636 189
2190 280
554 391
3474 631
2508 342
3555 3591
2761 1916
832 3071
3066 2416
3291 3797
1191 3093
1942 2809
3608 988
3197 1570
59 357
2691 3188
2224 523
1016 2803
2366 3297
200 207
300 949
778 756
603 2982
3523 3274
3229 836
2829 1349
3805 3644
1405 1974
3486 4004
2883 1071
1780 408
3039 2790
2383 3076
2222 3522
122 1490
2005 160
2191 2594
2977 2445
2031 488
2330 3335
96 2552
550 3163
139 3364
1155 15
228 311
1577 306
3028 2378
3358 1934
2345 2993
2167 2181
3418 406
1873 2513
466 1369
1100 718
2807 1390
3567 2594
2222 840
772 3879
3142 3857
2585 2254
2370 2396
1545 1402
3698 2322
2972 2717
3473 1855
1622 2760
124 1200
1510 2732
534 1732
2728 3556
2348 959
1924 3865
132 4004
4001 2958
1304 1222
1574 511
3309 3786
3873 1079
1896 279
3997 2947
1867 982
1003 910
3057 3286
3137 3524
195 174
2850 498
35 2789
1293 3654
701 3487
696 1819
1744 2016
3803 1651
3445 3681
2290 1646
1281 624
3899 3919
1261 1705
942 2597
2654 1324
407 1045
3393 3157
2562 2645
2600 2179
155 1423
644 149
225 388
1326 699
1201 2535
1461 3668
1191 1848
1559 3564
3164 349
909 505
3698 715
2953 69
3273 928
651 583
256 809
1915 3431
2839 3156
994 854
2215 2790
2354 3877
2143 3564
602 1060
2049 216
2005 590
3873 2361
2210 1189
1331 2869
2152 791
438 686
1310 1796
3194 120
878 643
1523 1394
3651 3718
2136 2124
2889 3926
1577 2125
1115 2462
1195 935
3356 2156
1680 170
2667 1349
2180 2707
2829 218
4003 3298
1010 623
3123 660
2267 272
203 3917
1571 3402
2383 2573
2822 2987
594 419
635 2051
942 3606
586 3364
3495 1838
698 2460
1205 1804
3641 2553
3529 2161
319 2703
3307 3688
134 3688
3566 3096
124 3077
255 3779
2246 3399
346 3758
1031 1776
2031 1623
1845 265
2794 956
1682 1987
1263 1773
3637 3312
753 859
2712 961
3653 2809
532 652
12 1040
3414 2159
105 2467
208 826
2167 1776
3265 397
1206 2413
3374 3232
3035 3378
390 1885
814 450
233 1610
59 2300
2426 3743
1365 3497
2403 3348
1340 1578
3590 2276
2564 1231
3060 2621
3891 183
525 54
2867 2369
4003 1952
879 2429
568 3633
916 2700
2678 1017
1405 1144
2397 3857
786 2746
3336 2907
3975 852
1273 2315
227 3093
2428 3267
3831 1515
1863 3238
3432 3900
3806 1750
617 2352
3047 1088
2085 3722
2680 1279
3897 974
443 1504
1421 774
2473 1985
3065 1297
827 2746
1749 2418
404 247
1792 3671
4003 109
1588 2444
2041 1790
74 1467
2324 1275
293 2192
203 999
1924 3258
2819 2253
2083 1679
1399 1006
3334 2644
568 3780
1697 3250
1759 1401
1373 1633
3171 749
1264 2903
525 2414
3441 1348
2031 1379
972 774
3401 1288
133 2790
2684 3765
2726 1502
1615 2739
2321 2939
2587 3679
1140 854
3904 3671
166 2579
786 1351
1595 317
110 970
702 977
1432 2492
389 3499
1746 1819
1473 2107
1693 1741
2541 567
2900 881
2767 572
2912 107
2098 3264
3260 3086
3817 1270
2562 2968
2060 2739
486 2523
173 1976
519 172
1564 159
3302 1083
607 1861
1944 3599
2831 421
1962 1889
3104 1556
1664 1584
3344 1157
3614 3173
2405 1956
343 3282
2886 2268
2692 1431
2427 924
3216 1624
206 3497
682 3111
243 128
3068 1017
3785 524
766 1027
3629 3295
1772 1987
1812 1551
2086 3807
2020 216
646 822
1342 2216
2223 1434
2299 160
1911 1314
3019 1051
1016 1260
913 3154
1397 2016
3363 2172
2271 616
146 3394
176 3206
554 776
1357 2314
3342 2643
1716 1666
453 3950
1630 680
65 3311
3767 612
2296 2339
1563 1765
453 1679
2533 1502
2214 1073
2942 2360
3750 3240
834 1755
3837 1953
741 2774
3478 3751
2482 3769
3290 1855
100 288
796 3539
1489 1143
2974 667
3580 3995
407 2500
1273 1167
3855 763
873 1244
2458 1254
519 1034
3048 2719
3214 533
1399 3242
2406 2821
811 1686
293 1633
543 2202
1031 3107
2212 2207
723 1057
3572 2779
1751 218
2801 1522
1880 555
3012 2946
2677 2665
2098 1672
1177 3072
1913 1235
3151 364
1832 2803
877 1865
1066 1120
2333 2957
390 970
3488 3154
2593 1258
759 3327
3305 1291
3918 3743
61 2073
1038 213
2137 1972
1892 2526
2415 3700
3750 2501
2912 3857
2397 882
1122 1256
1896 3384
2713 3584
3795 398
2382 1529
2364 3328
3058 3005
659 2120
3226 1799
2478 2192
3256 3579
1446 21
328 2341
635 1316
775 2440
3843 1121
1385 1610
340 3059
2937 724
1996 1610
1882 1335
65 3250
2394 3227
3903 3816
3944 2115
1101 2408
563 2733
918 2358
3359 398
287 2172
1130 2347
2605 199
3523 1099
3437 1286
3930 1652
2138 3971
2961 214
669 1597
1039 1083
1476 1141
506 2253
1447 2643
1910 330
455 3693
1512 2050
433 1303
3024 2480
1495 1224
1725 3765
795 2449
2843 326
1521 2996
3667 1637
2748 3650
2833 2588
3080 612
2822 998
821 1646
936 2148
2545 3073
3588 2818
3211 3569
1509 3769
92 1694
1283 3384
2849 3443
2685 1607
3006 3253
1437 2928
3132 1672
2678 1424
733 375
121 1966
2071 828
2320 1305
289 2919
3062 961
850 2294
1969 2946
2488 1637
903 533
2657 1186
2220 273
769 2816
3407 2565
1269 3288
695 3277
2534 2806
110 2044
3783 3695
3352 625
1509 703
2144 995
2677 2646
319 3020
1333 2946
3490 3427
3567 2918
1763 822
1516 2057
1942 763
1437 2294
3898 1150
256 3720
2572 3823
705 2553
1994 3671
3646 3283
2058 3388
307 3507
3133 3144
801 440
568 1799
3704 943
2342 2381
3501 983
3303 717
649 1346
143 341
2058 2464
3777 2153
2640 3920
1263 3526
1634 1229
1768 304
59 1776
2557 1426
1440 2526
186 1020
2662 254
3512 674
3200 1844
2052 2702
1725 1015
3338 2880
3763 1613
1484 3059
535 324
2028 1404
3089 570
411 704
3028 1256
940 2496
3108 631
1391 2594
95 1361
2941 1316
3566 1214
916 1047
3608 528
510 1938
1312 2082
683 3375
1430 3511
3882 2051
3918 2082
3068 748
1400 2207
2296 3242
35 2568
942 1875
2246 1895
3262 1219
1274 2322
1011 3769
3255 1377
1605 2863
3714 2490
1682 2365
2974 3267
2934 1730
1746 2229
2442 2847
1792 3958
3122 507
1500 1750
2990 901
1137 1610
3275 419
1376 2385
3452 1184
3234 1051
1595 1231
66 1526
3595 3675
2822 3676
3542 2263
3481 1839
1780 189
2980 3574
1031 1774
1892 2918
356 1793
662 2234
269 3694
1674 80
495 899
848 945
3913 3779
1475 1865
64 2606
3580 2513
1707 666
3923 2014
2667 1374
3000 1718
2587 1578
1904 3281
151 2039
3646 1619
1506 488
955 631
2921 828
921 3926
191 1065
3101 3146
9 3702
976 212
2211 1401
2887 3995
3506 2880
3701 1030
3535 107
604 3879
657 3085
3176 1424
285 3367
3638 99
2749 434
2320 3938
1647 1479
2557 1701
3506 3987
2819 2570
2747 3877
3474 3679
3341 2717
2545 20
3792 912
1963 45
1689 3494
399 2288
3415 236
1485 1897
3352 48
296 461
191 892
2145 3962
2152 261
913 3079
3430 3834
3777 3994
3881 3807
3629 3244
2772 3732
491 2437
1887 2443
268 956
1535 938
3101 2339
1433 362
665 2118
455 1722
1420 2179
1264 1743
2937 3391
588 3695
2323 2628
1460 3491
201 1718
3083 748
3435 286
1204 625
1492 3450
790 1231
2055 1478
34 3085
2151 2297
2517 1459
754 1530
1069 3845
2267 1259
3532 3423
1059 1073
683 3860
951 1581
2135 1390
2267 706
125 1781
2833 3675
3290 3758
1476 2164
3114 1649
3687 3293
1557 640
266 1103
2875 1426
804 2848
1076 1117
267 1976
2974 8
1090 1103
1669 3810
1267 3962
639 1823
3377 828
2872 2880
913 2452
3471 2679
3483 3814
1576 2310
335 2643
1492 159
1076 3040
2590 2168
2299 807
2659 1813
2296 1699
3309 2631
3976 3277
850 2154
3398 2449
451 1522
83 560
992 747
863 3161
1058 3797
2780 3366
3197 3564
1924 1285
2726 593
3767 3743
1240 2637
2220 2334
153 2594
3630 91
1033 1616
2698 1390
2218 2093
1489 1790
1397 1377
79 1979
2222 3368
2835 3278
3981 1072
3135 1929
2990 392
3772 1232
2630 1453
1566 2416
1511 3797
3663 3987
3839 3173
796 1503
2020 1610
3815 1032
3790 2880
2256 18
708 1885
233 2104
177 3552
495 1402
1484 2919
532 3764
2602 2987
3620 2798
1669 497
2094 2609
1562 3526
973 672
1764 2984
815 1815
3023 3364
1212 3205
268 1175
3316 341
225 2991
1433 2045
2098 3804
2475 3548
709 3293
3067 2902
1154 2010
282 2637
1636 1676
3048 2869
3453 3706
2853 2494
1620 1947
1066 3965
4002 1727
1111 1467
1739 1561
1298 1292
427 3185
3200 2811
1836 3092
3555 265
2059 482
2608 949
3532 2122
290 1071
2819 1637
321 894
2197 315
1634 342
2812 3391
277 3914
1601 1586
2701 1232
1576 3063
969 3807
1039 1379
3098 2619
1321 652
2324 1231
3149 2523
989 852
1384 2021
1087 1036
1648 1556
2651 2902
2217 3248
737 2376
3975 3688
1714 2986
2949 1815
3239 1951
3850 149
769 3974
3521 102
243 3755
136 320
2345 361
1717 3079
835 480
3223 621
3488 2036
1242 3431
1880 363
2133 2641
2442 108
3530 3862
786 4008
3337 818
2775 1478
3190 1781
1415 2307
1368 2892
1825 1278
1908 3494
2054 3178
565 2261
3770 4007
2205 3577
195 118
1883 118
3873 1236
2629 274
3770 459
3703 2635
2625 402
1308 2498
409 791
1373 2276
1510 2120
1639 3962
3802 3328
2432 1199
2068 2447
3316 3221
2306 883
3260 2461
1159 1851
1630 1309
144 3169
696 1599
2383 1054
2688 1788
620 278
2119 2566
3570 781
97 1332
1868 345
151 303
2221 320
1013 861
1111 2816
2572 211
3324 4007
2237 3146
2015 1815
2102 667
146 2467
3530 2444
2379 3169
1376 3288
1766 2792
2932 1934
2976 3050
2715 2817
3363 354
759 2539
3520 3370
2112 3077
455 3034
972 756
1914 1539
713 3635
594 1501
3796 336
2830 3755
1209 21
838 2456
1499 2926
23 3205
2097 1313
177 1603
1746 1699
3200 3579
3189 3977
2849 2926
2608 2696
810 298
2137 2647
3795 1609
3261 3001
1962 1921
2198 77
3247 41
3326 341
1884 3970
3291 1141
890 2996
2167 540
835 1427
2897 876
2137 2057
3600 2764
2518 1017
2590 2946
1769 823
3212 2864
1559 3915
368 2225
554 3734
3903 1291
123 1815
2048 229
2794 809
1147 523
563 3106
2020 666
1393 3890
2796 413
323 2800
2448 1220
741 2612
2886 1719
3943 1941
3982 347
1749 1777
2831 1223
177 2952
869 828
3892 101
1927 1580
2602 2146
178 357
1991 305
2562 726
602 856
3484 1558
2720 1143
890 1057
927 2118
411 1252
1739 3548
757 1091
2116 1296
2944 3958
3067 2594
33 2126
2587 223
3251 3191
1356 3974
1140 2118
3629 2349
335 3818
1511 2845
458 1139
3489 1254
3120 2735
2518 2984
309 953
1499 3106
1000 2139
1388 1481
575 3210
1381 1734
1080 1623
1344 1675
1595 1277
125 1244
3021 980
1807 1617
2830 2991
1557 2036
1076 580
1046 1909
9 2594
3041 605
2738 2676
1912 1993
1151 2607
203 2486
3006 1543
390 2492
1008 3184
890 2920
2826 1157
2090 1953
3041 2771
2567 2515
504 306
3848 3274
17 3957
2564 2309
1797 1678
3454 2438
3418 1254
1037 3925
801 938
534 3267
936 382
2226 1765
1955 2181
3215 2924
633 2891
2910 1359
2721 2266
3618 327
2572 2106
3234 394
1842 1561
3120 1086
814 475
3009 3917
2090 2418
1234 1810
1110 1408
2617 1235
3529 567
2953 3278
1096 1771
2571 2004
19 2118
3082 3599
2223 2146
1973 2160
3760 1445
3122 1153
848 3378
1409 419
1092 1619
2052 3987
1386 1165
3572 1599
1523 782
3060 1483
1634 3438
2989 1794
2208 3287
1122 3186
2503 1361
3088 956
1892 2440
2517 1236
3460 2134
1864 1487
2110 15
3365 329
318 1847
521 1370
3457 1395
496 1028
3133 3794
1873 2566
3273 1810
3090 2888
3618 1791
2345 570
1990 1742
1384 142
2850 3295
1430 392
496 1544
1419 1778
227 2955
1615 2785
815 2742
722 1377
2837 216
2271 2372
1209 3248
1339 3394
1308 3077
3506 2725
2245 497
74 232
1281 3688
3254 2663
2772 667
723 3564
2323 1848
2642 3921
865 3585
754 1652
725 1057
37 387
1041 1923
536 2635
2366 1280
2758 2746
2961 1408
1041 2996
2205 2868
2379 2202
1639 137
3080 272
1914 763
3802 3776
3931 3250
3550 2126
1391 1126
3748 1424
3617 295
3667 1236
2102 3574
302 3423
3211 2057
2557 2044
335 1855
3808 3497
1328 2124
2123 306
3886 556
3846 3586
2053 408
2323 304
811 3274
1713 1214
3016 1278
1014 3386
3795 1738
3353 3810
2195 684
550 354
1859 3786
976 2957
1588 2044
3614 1222
1035 1818
64 2095
3197 1718
1403 3361
1151 1533
1498 2702
3014 3640
909 2504
2313 1790
1990 2051
2840 2430
2669 2492
2807 611
3339 248
1739 271
3638 2486
897 1961
285 2134
1698 1801
2724 371
1891 3577
1368 1981
2959 196
914 1584
3934 21
134 1006
3812 238
3629 1541
3444 483
2522 459
1119 1021
2275 1959
2910 3643
2374 1051
2101 1134
268 25
2687 2710
814 1951
1588 1515
2529 2139
3336 2898
2577 800
509 809
3189 3206
2055 260
3772 2613
1563 1869
3039 2746
736 3627
3420 2253
2684 1427
985 1244
3160 2566
3245 1402
3142 1455
111 2492
3476 1837
2927 1712
3142 680
3054 3059
3098 3124
3728 3413
3275 1507
3074 3900
2058 3864
4 3776
3998 2156
235 1818
1871 3115
1085 2915
609 3755
1237 2810
744 3487
1682 780
532 995
990 1402
285 1756
700 2466
350 605
1413 3504
2335 1556
2103 3737
1703 2293
2524 2560
3344 2892
1820 1086
2632 1275
1639 2783
2899 1649
844 2679
845 533
2632 1128
1880 1051
947 3729
1201 2334
1942 3238
2305 313
754 1539
3731 540
3562 3487
2536 2735
2116 655
2871 1678
1456 1733
1671 792
3696 2707
2203 3660
2650 2516
484 18
3437 1790
3194 2902
764 3610
3580 99
145 855
1576 2570
1403 653
1443 2554
2299 1810
1736 3737
2320 381
1340 2236
328 1765
3172 1398
3749 2792
3534 2233
2324 202
2405 237
86 3195
700 3423
1566 2009
1081 1728
2961 1783
97 3794
1635 313
2587 3771
2668 1504
2914 1778
772 1940
1321 518
2949 2418
3790 181
3132 2157
506 1241
3767 1519
2901 2225
2226 199
2527 2821
3615 545
603 2742
2191 1098
3180 3361
132 3314
1387 3462
138 1617
2394 3720
2721 3043
3873 1170
3217 2441
1654 1978
302 1730
3639 1936
2897 1379
3541 3494
1721 1294
1264 957
1888 2234
2724 2984
658 1743
2101 3287
2291 3498
2325 2377
3837 3965
659 1514
1590 3945
900 461
19 2947
2694 3281
390 1053
2850 3901
504 693
635 181
122 3685
1880 361
104 3606
903 941
1693 618
3022 242
3011 859
3254 1844
890 1428
3041 3325
2405 2810
1081 626
1264 943
1397 1427
634 1890
3788 2918
1160 1920
3649 564
3646 2489
147 3510
2426 226
97 805
3750 1652
1393 238
233 261
3047 1483
2522 1097
2387 1947
3622 3612
2169 1507
1486 892
3284 1765
2119 1469
1206 357
151 983
1411 3347
1004 359
2195 298
2691 2788
2232 1584
1843 3502
1854 1337
708 391
125 3093
2313 3527
2896 1743
2753 3244
2870 905
2092 2310
438 787
3 2904
3223 3248
1915 692
486 1317
3622 2645
1450 623
1585 2233
2316 189
2102 703
2326 3468
1115 1941
1411 3693
443 1619
2828 1249
2218 1822
2272 2099
105 2243
2889 3885
3894 247
1968 789
3781 1030
3345 1053
867 2858
1050 2456
1963 3937
1834 3186
1739 192
2846 3433
492 1338
705 306
78 3163
2210 3413
3805 327
3372 1444
1190 3836
2657 3732
2953 3640
2357 2046
1197 3730
1430 3274
2220 3312
3930 2510
469 770
3019 1539
2277 3693
3319 2050
2158 1584
2872 3983
3793 219
676 3084
3453 1774
1310 1052
2912 3311
1118 2172
915 2560
3117 2847
2108 1015
2824 2827
925 3158
1336 2021
3508 1611
151 1718
1177 119
700 3025
1647 1565
2748 2817
1443 3166
846 3277
1217 1616
3566 2088
1059 959
3479 2700
743 3439
1081 1296
3835 3313
1033 2710
1521 2555
2659 3097
3840 259
3902 1507
1409 2346
874 3693
1499 1981
3505 295
138 2689
1033 1652
678 745
931 1086
3931 3037
2505 472
2721 3279
2837 1214
3863 1815
3448 1519
3372 1773
2246 905
2877 2559
996 1152
3855 3884
1842 1103
946 1203
3121 49
3171 1165
3464 3660
1155 1427
3534 3953
1452 204
3383 2396
2048 1371
2617 1937
1003 2730
1585 2531
410 2790
1912 1860
1400 2420
1059 3715
3770 364
1243 729
1935 3002
3704 1270
1954 3366
2205 183
3677 1691
2101 306
3339 482
2961 1750
3461 21
193 3371
3214 3591
111 1060
2267 2044
2436 664
449 2924
1003 3685
658 1254
2655 3351
1830 750
2583 3983
3802 1558
3273 1254
2340 3493
2482 2259
2092 3485
3418 1349
3417 3231
759 920
1550 1371
2933 3250
2448 854
1871 2046
799 401
1830 674
3886 1730
2343 1244
3657 922
1994 482
153 31
2306 2462
2212 1977
2569 445
1834 1299
744 3179
819 2708
3509 131
1596 597
222 93
3214 2814
764 2408
451 724
2436 706
2201 2763
2110 765
451 1208
2917 3776
1850 3388
3239 3720
657 1149
778 3034
1493 1890
1903 1222
2371 3076
2819 3932
633 2451
1960 1618
243 1465
2877 1727
2246 3861
94 1740
2112 2725
1834 1139
2828 63
2028 3076
2731 537
3703 3042
3299 2512
1903 572
1683 929
3262 1009
2758 10
3024 1921
195 2764
931 512
2910 822
2964 2459
3028 275
690 840
316 2963
3116 1734
1992 1459
3638 3683
2822 2032
963 3297
117 54
3684 2093
1894 2709
2564 419
2857 400
633 2242
3122 1616
761 855
277 2610
1587 401
3252 2634
1876 749
779 2007
3387 1753
1968 980
3260 274
2419 608
3723 2763
1155 1379
2287 3574
2029 2763
3268 347
1386 3032
2432 626
1622 2985
3197 1728
1913 2561
2724 3504
2961 2719
951 1001
2337 3977
3916 2297
3741 2722
1131 247
2758 677
267 3396
3089 3111
2031 2008
3266 3112
1893 3732
2692 2579
2927 1359
571 1921
2204 2181
594 99
2533 2554
2415 3423
1300 69
3782 3451
1595 3565
1825 2888
3622 2903
1168 1771
1364 2746
944 1987
3512 3394
1532 2263
890 2997
220 919
3380 805
2796 3100
1155 2800
134 2276
3452 1985
3252 1305
33 3689
2849 542
3030 3450
1769 274
1577 1558
2392 2196
3893 2462
3426 1464
1463 272
3414 1352
2608 3375
801 362
3725 791
635 2501
2000 3362
205 1128
3300 31
3800 2009
2805 71
1620 128
1026 1579
844 2111
3790 2547
136 542
877 339
1023 2187
353 610
948 2264
2598 3213
927 1691
3012 1338
3441 1351
2244 959
1644 740
1836 3378
2392 1584
3825 3833
1234 502
150 3761
2213 2261
255 3367
3855 3717
2964 1398
481 51
1982 3493
2020 1120
1069 2504
2727 3181
3414 2641
2766 2736
457 280
3831 2645
574 2484
834 1165
3089 1423
2368 667
2945 3371
3607 1
1576 3314
2245 2510
3122 3720
2110 1072
312 3885
433 3675
1763 2607
1903 2430
2403 1608
2405 2568
2198 3107
3239 2817
679 2150
2167 1937
2861 1966
495 3779
140 813
687 1380
3372 3536
3342 3693
2593 2311
934 3222
309 3155
1489 1816
2692 30
2874 2825
801 322
1376 1183
9 567
3482 567
17 408
987 3272
161 642
3339 929
3495 2449
3444 329
1433 1282
145 1018
1471 2683
3261 286
235 3015
602 823
1381 2266
1441 1603
2211 3018
2517 2848
3214 3046
3813 1280
837 3233
2967 344
2536 1067
1904 4004
3898 3659
1996 357
1574 2778
535 1466
2392 1402
1148 2634
171 1372
3349 1175
893 751
2113 1661
1132 2784
1970 1743
3198 2014
2291 311
3723 1030
2303 3043
1225 1866
733 875
619 1316
1403 2943
3674 593
3012 1861
3621 707
1614 2450
2083 977
2321 626
1772 3040
658 750
670 3683
810 3616
2669 2285
2001 298
5 1188
987 3919
165 306
1391 1957
3508 3504
266 2670
833 2739
221 511
1055 1554
757 2115
3067 3381
1081 1075
1003 219
1898 2568
3436 2710
1058 3357
530 1501
2940 313
1931 2935
1962 2525
3825 1202
599 2322
135 2816
683 3347
1354 336
1234 1661
2900 2346
1697 564
2419 2288
742 347
3226 3269
1739 1517
874 1306
3271 1454
2001 2046
2914 1380
3045 611
1605 1747
1038 3018
573 1957
3350 3503
1119 1282
2897 259
2324 3032
2669 3605
3305 625
1575 919
1160 2216
3415 537
2749 2455
1689 2122
3790 2792
1194 548
133 2923
3555 2863
3425 591
2201 224
790 1233
3304 732
785 454
2436 2160
3831 1236
1832 2968
34 1082
1763 2991
1944 3828
1784 2568
3630 3713
1397 1916
145 372
3458 50
3021 883
1680 2739
1443 2869
2332 1514
2232 2818
3792 2985
1944 1435
3125 3994
3342 2196
2068 735
1151 3764
2534 1981
1341 1530
282 1287
2822 2288
3826 640
3571 377
1336 3722
1336 564
2212 1157
1386 2295
1944 3156
1110 1285
1886 3283
3999 1317
3067 831
411 1773
3922 2935
1111 93
3567 2164
3999 756
1688 3288
2571 1089
1140 782
3708 881
1059 3322
2862 980
3373 2705
369 3243
2967 3346
3320 1813
835 1934
1872 1779
2097 1732
3759 183
491 638
3772 51
3482 3331
2303 3311
1745 187
934 2438
2905 2322
2640 732
3838 2390
3353 3354
1031 2165
972 627
3290 2444
504 2499
2113 1805
2780 2234
1557 2061
3208 2695
1315 2757
3125 3446
3680 1993
1746 1352
3454 654
1531 2216
3870 2082
2602 2017
3117 3001
903 1875
492 3278
186 3376
955 802
1714 315
2320 2179
3482 3868
3703 3204
132 252
2448 674
2945 2552
2819 1848
3931 1255
2163 539
554 2496
3026 288
3707 2236
1576 1285
3197 1727
3260 2811
123 1723
100 1239
1300 1313
3984 1359
2536 120
1898 446
2180 3764
3259 1220
934 204
3022 3249
2942 544
913 286
1154 2613
3049 2955
2286 2355
3882 1920
2076 434
3407 3868
1242 1352
2666 2813
2927 3801
3763 2734
1102 3734
1092 514
796 988
1342 1021
2250 3652
2822 3579
737 965
2753 2646
1717 1597
3918 2189
1319 482
3318 108
3967 3111
2304 3423
3948 2531
1360 91
848 1435
799 1805
2395 3293
3247 1072
1698 294
123 2525
857 3771
418 3519
2191 2225
3687 3087
3259 2565
2402 2441
92 3507
2037 855
122 1162
3826 3717
2930 2561
3171 2281
3899 7
1267 3862
3655 2603
2857 2908
620 1088
1775 1747
685 1734
2835 385
2278 3717
43 2351
3426 3762
2974 1608
3457 1120
1523 3400
407 892
1085 3544
3594 1705
5 1
3009 3325
3521 3822
504 1823
2042 338
1891 2148
2269 2985
2775 2318
356 112
515 2903
925 3807
2857 724
115 2075
2096 3100
1659 2821
3271 3008
1673 3315
1417 2502
985 3876
3892 2477
442 1612
1014 2297
3646 1082
1221 2189
2173 1961
1304 447
1272 3391
367 3351
1520 3175
3435 2723
3110 185
629 1436
1350 1573
177 1651
1548 2050
3359 2254
1553 487
1400 826
3407 3968
2405 524
222 1358
490 1232
2232 180
3299 3196
2551 3697
2605 549
425 2082
1682 1988
2469 854
140 1464
2720 2960
2375 3991
1482 3522
2214 2131
1592 3583
3767 2502
3846 3322
2623 2372
1975 1835
1397 439
2356 2490
1397 3988
269 2118
752 749
1005 3410
2442 703
3194 241
150 44
1367 2610
2272 1029
3369 2193
2972 1139
991 924
2299 1819
2831 3932
1446 1691
2040 2622
3913 3124
358 3507
3135 2797
991 1839
2581 2675
3646 2153
1991 41
1621 746
633 2757
3637 2873
950 2606
2284 372
2453 1366
3622 2730
2094 3640
2278 3253
1854 614
2595 2652
1440 3203
1182 3900
3744 3411
2162 3557
165 3917
2850 1477
23 791
1806 680
1070 961
2312 740
619 3554
522 332
333 2107
3767 244
814 2882
3345 3650
1273 262
3763 2111
3176 2263
532 1570
3239 2389
649 841
595 1638
2048 1477
3263 149
3296 1457
1283 2969
2219 3405
3259 3942
3850 2592
2342 2257
1046 809
3101 3513
3805 3765
1482 1244
2824 305
985 2866
2250 3156
2640 787
3819 839
681 901
942 1220
3247 1822
1474 508
940 3139
2119 1517
2079 2943
2469 50
3767 3695
1039 2898
2977 361
1311 1723
2289 1966
1484 3742
1416 2695
1553 2795
203 2491
3475 2866
1831 2706
1247 1178
3708 3914
144 2634
1087 1754
744 1406
3719 1858
19 2240
3294 357
1843 2429
2204 3499
2966 3644
1273 58
1204 436
1484 2803
1261 2014
2232 3559
878 2566
3031 593
3309 798
130 3557
3809 2179
3261 3601
1902 540
3461 3328
1076 1539
3479 3640
1845 3327
2096 3397
132 248
933 1124
1499 382
2724 2811
2930 2620
3105 2115
3133 73
1234 3585
2894 2377
985 1617
3031 2719
595 2176
3948 2644
1760 2614
2673 1284
1906 69
2405 2549
4 2438
3684 1352
2942 3965
714 1322
3728 3668
1888 2410
2387 2159
239 372
2648 2307
2000 3124
973 3586
3120 3429
156 3925
2333 1974
2269 3487
12 1448
12 674
2203 904
2113 2703
1859 3977
2937 1544
2274 780
2053 2676
1899 3925
2857 2078
3473 3405
2630 1747
3528 800
2711 48
2977 1404
834 1822
33 2349
1100 397
1340 1573
3543 189
743 1858
2138 2928
3280 1658
3844 2139
2724 1987
1243 1455
2729 3950
1240 2906
2899 1329
3881 2016
1910 3887
3767 1597
1031 1351
2582 3627
996 2106
2871 3134
2677 342
86 2596
3750 1167
2405 2764
3442 1741
47 2898
373 2411
1493 3769
2217 3585
1168 2716
3871 1675
565 2501
2195 426
714 2913
2655 2816
673 668
3133 3507
3482 3388
2503 2825
2775 1730
3793 2106
3656 213
2965 2760
1585 3972
1473 2987
1538 183
948 3491
3908 3724
1373 791
821 3977
2884 1985
659 2895
1194 3519
484 3685
1892 3710
933 3921
3580 45
679 2638
399 1865
1849 3375
1000 2454
2055 1552
2633 3958
595 1042
3118 2637
2623 809
266 1435
2824 3112
2668 2134
2473 1920
1983 2619
3350 2672
11 280
3014 572
577 1718
2724 1292
759 1099
2182 935
1132 1958
1489 3405
2218 3533
923 2481
3215 1783
2086 3924
2048 2784
2312 2355
3806 672
3792 1275
3444 767
1248 2809
3576 3878
575 3722
3975 820
156 2461
657 3995
2511 1150
1667 1427
1058 1418
2054 1065
1216 3402
1994 788
3035 2584
1884 421
1087 406
722 3002
1190 2679
2158 3155
171 1170
670 424
1385 1851
1331 2381
1513 247
3588 616
1182 223
878 2614
1190 3552
2473 2393
2062 1937
3123 2365
525 2170
2930 234
1505 1153
2013 2908
171 3218
3782 3269
3705 2810
3848 1358
268 2619
869 1348
1870 2859
340 1835
2636 2742
1476 1057
3108 841
1405 1307
2049 1424
997 1978
22 39
2828 3131
2712 2225
3863 2594
3629 2216
495 3970
2079 518
3859 2164
148 1600
3403 3221
838 3175
3788 2515
3728 2391
110 570
2143 31
1081 2120
2861 2243
2040 2459
1172 1052
3108 1146
3137 1124
1877 257
1323 1791
3725 2526
3214 2202
340 384
2905 3926
1066 1881
2844 1502
2213 3077
1461 3279
2469 41
2687 1541
830 2061
2728 2695
1129 2075
1991 2560
1440 875
617 3804
1368 2115
3883 3086
1836 3175
2249 81
3943 3513
2894 3185
2796 2157
3540 1445
2428 1351
19 1936
266 692
586 2490
491 2156
2876 872
1949 2938
903 3286
2598 212
3016 887
2770 1715
1069 2565
3518 88
3190 3524
75 2193
111 1964
3674 1993
1130 2168
2424 2046
3334 2516
3372 2273
1870 612
1432 88
2442 1057
3160 995
3726 48
1567 1379
146 1171
2980 2480
3021 279
3785 2621
2136 2063
1992 1964
3931 2706
239 169
2556 770
2348 2647
2981 62
3234 1454
2453 959
455 895
561 2771
3300 2439
1381 3824
360 937
842 1672
1521 3942
538 1540
903 2298
2949 1153
3481 376
3153 1227
2572 2882
3392 875
3844 1602
2839 1934
3426 2484
3534 3139
1156 8
268 1526
3913 29
2081 1958
471 3386
1992 2704
2364 1001
3960 1529
3484 3754
3300 3085
33 1083
1917 339
3495 1374
2194 1684
2624 3507
300 3244
1163 3851
268 1976
2000 856
3996 71
444 2452
689 667
609 2247
575 324
1154 1146
3017 1522
914 1728
1381 524
2077 2757
689 2388
1512 2683
3214 3565
1274 3561
3572 3095
2296 2902
457 2445
65 2859
3387 3693
373 137
2786 3764
3301 2818
1156 3107
2673 3914
3104 1483
1111 1844
1378 3988
2252 3390
3534 329
3550 1947
1197 344
1414 2464
2629 2549
3978 756
2948 2653
1660 2946
1680 1794
683 80
1350 3115
3634 1929
1990 760
1460 152
2503 704
1924 2464
579 2643
1908 3648
1312 999
2000 2982
1991 2317
146 1552
2578 3962
506 1402
2850 3102
552 739
2571 3513
373 1372
3792 1425
741 271
1763 2987
3656 2751
1682 630
3149 1907
89 2104
1382 3920
659 2553
1717 1117
579 401
2133 3949
3263 2130
1107 238
2375 8
3870 2146
3145 1401
2712 2346
1825 3762
1725 3648
2487 3232
2206 2586
3349 3222
3589 304
1560 1638
2382 2733
1010 2095
2320 3249
1721 1583
1416 3644
3542 1790
2777 3238
954 3683
1163 3877
2136 2603
563 3221
75 1551
2766 2573
2524 1109
3785 545
399 1296
1093 660
565 2603
2094 2573
3709 1869
2304 3735
3290 280
1629 1282
2917 2263
3935 1723
3699 3644
2278 2808
3066 1143
1807 91
3907 2594
1014 1705
2667 3384
3324 2153
588 3584
764 2410
2671 2384
3623 3328
989 684
554 3511
3198 1079
116 3554
1473 3730
3840 3321
3792 1481
469 2114
1327 3046
2175 1469
256 1219
3262 2513
198 2327
1354 3991
3404 3933
3461 3991
3842 615
161 102
1185 202
926 188
2283 3287
53 1952
1107 1017
2801 684
833 2063
2392 3184
1587 459
1400 60
2668 80
1639 2317
604 3642
3572 1071
3337 1844
3618 1246
2934 2146
2029 1105
705 376
2333 2790
2220 2607
150 1150
2967 2454
1218 2192
134 1539
3881 2530
885 3636
2005 2319
3064 299
1653 3694
595 3537
3998 3077
897 3163
2727 93
3903 3379
3108 497
1726 385
2108 2350
879 3257
3011 1936
568 1290
1412 623
2472 1819
307 3222
3725 3451
3805 986
1417 2010
3572 2422
3657 2891
2305 1774
2572 1285
837 548
948 1227
468 2859
1100 3440
730 716
3756 2315
2140 118
1797 3914
3138 2997
2086 1057
61 2818
3792 1171
2556 2294
1807 809
1688 400
917 2621
2274 1755
302 547
2657 983
1634 1981
1668 2784
2275 2957
2086 1158
1887 14
2541 3516
74 3958
962 1770
651 3043
1037 3036
2473 726
1873 1875
3422 2449
3190 2407
1647 1544
2103 1600
1737 777
2458 570
1902 643
796 1637
2674 1508
3854 106
622 3063
2590 1418
2916 1203
2692 910
2354 2730
3074 2230
2974 2038
3486 1619
2921 69
3403 1835
92 3672
3007 1603
2249 1936
1834 2631
571 247
3525 1438
1991 2259
221 3652
1713 2952
990 802
3587 3182
1833 2847
1963 1032
2332 3391
1852 1534
3766 142
3716 1467
220 1526
307 2552
1110 3378
2029 2621
1212 3394
3618 1030
139 431
104 2084
1476 3564
2980 1609
3470 3601
444 726
879 1375
1884 938
1864 1598
1005 483
3641 3311
3622 396
1758 631
2564 1067
1873 1332
2910 2939
2951 3864
2851 1018
2777 3242
3023 1094
433 2606
3714 1481
838 107
679 413
3935 822
148 1583
290 836
694 3429
2291 202
1069 1547
1854 1686
407 763
2103 2566
3727 1165
1808 445
795 3446
3442 428
2325 114
3563 3175
85 2778
2108 2061
3646 3764
136 54
2145 1684
1066 3758
546 1748
1963 3371
2177 2153
1696 840
3967 3887
405 3810
3638 1363
3105 2893
1683 1143
1588 30
328 1711
2601 2302
594 119
3482 3379
2837 3032
3339 1897
2200 3143
2600 3248
2772 2346
243 2631
708 1517
1553 2390
2133 3201
3609 2918
3948 2968
2654 238
1538 3348
2824 2531
3975 3672
2990 303
3486 627
3117 291
3130 402
3110 1366
2336 1847
2975 2046
2071 113
3939 1079
3825 1186
2593 3063
425 3729
3628 1796
3800 1809
3352 1625
2198 2380
2839 3786
723 3286
1864 298
468 1794
3844 901
178 3427
281 1395
810 3879
353 3227
3620 3124
2877 2785
3508 1881
3121 1533
2936 818
437 3502
1912 2095
1882 3187
2195 1477
1864 1776
2442 1249
1836 3181
1272 1086
992 2311
3208 2774
2840 2410
2290 1599
3133 1979
2329 986
3907 2372
1915 1785
1673 214
1443 664
2894 1599
2564 1600
3906 1198
1311 315
3883 855
3832 472
2691 15
1659 3626
3011 241
1545 771
1713 2452
251 2440
1414 2781
2591 3888
3078 424
559 214
457 2925
2119 3462
3927 2449
235 3468
3882 2142
3454 3585
731 2939
2005 632
3934 187
2580 2984
775 2454
1069 3786
2200 1144
2967 2525
3993 1857
925 1371
863 802
3523 393
2278 347
661 2165
2102 953
3470 3328
3290 1583
2578 859
1409 1061
1878 3317
3200 2176
683 1617
1891 2778
3645 3804
1300 2957
759 301
350 2816
1365 828
2069 3203
516 2903
948 3386
1980 1305
731 1637
561 1625
2463 908
2522 1678
1039 1277
83 1104
2780 1343
3171 1117
3401 3558
2067 3517
1924 3213
3832 2091
553 152
2238 1425
1542 1897
1744 2064
3918 1017
3594 2046
290 419
837 3829
504 3779
723 1827
2875 2985
2691 3611
647 960
2328 3264
302 3087
939 237
3489 2996
3813 528
1516 465
3010 1426
1910 2072
3620 349
1717 1097
972 1953
3337 384
857 3977
1093 1250
2509 2781
323 3861
1179 1783
3125 1292
3506 3286
3344 101
799 907
2023 899
2222 1525
444 3126
3197 261
318 2902
3982 894
709 2497
38 1418
775 2462
3808 3742
3825 3544
2191 1546
3897 3210
3495 539
2556 1582
1707 1809
2474 1226
824 2863
3168 1464
3867 3178
1038 2253
2027 3890
900 3376
3518 3619
2786 580
997 3579
2362 1838
609 2588
469 3660
1102 2179
2753 3619
3235 2993
2076 941
1548 2032
3017 1451
1808 3959
2658 755
3320 3095
2839 1027
1016 2547
2472 539
1019 261
1447 1135
541 2189
2659 3851
1155 1091
649 2315
1946 511
1023 2638
3140 347
976 2010
1595 1748
1913 3833
1614 2521
1629 3107
2188 1223
2278 539
1102 1297
3004 3243
1982 3195
2640 581
3982 99
3392 3821
830 2686
4002 943
1973 2384
914 1296
1898 2091
2836 3514
2474 1236
1511 1568
725 3888
309 1617
104 1840
1142 2745
3110 1781
2669 402
2066 1670
1575 2893
3207 419
568 2009
2948 1175
2029 2484
3704 1741
2995 3604
3532 3909
3773 3660
3296 862
1593 3558
3284 2351
2290 1343
2889 3364
308 2800
3684 3742
954 3433
1575 943
2974 3455
492 3077
736 3814
3164 1889
993 3431
1382 332
3756 2240
2070 338
1392 2955
1432 1781
987 2156
1265 1742
2137 450
2151 3044
1867 1765
2195 3227
3304 3884
3768 3857
3637 724
3012 1379
688 2627
2012 3314
3474 2450
1274 2199
3777 2952
2738 2500
3690 1618
2066 1950
3518 3097
994 1394
3930 856
66 802
846 2808
3934 1581
578 2922
3019 2263
1411 1363
65 1570
3624 3427
499 3925
3223 3182
2655 1583
1588 324
730 1288
529 283
2022 660
3568 1705
808 2285
3089 3362
1873 822
2048 746
952 3443
266 2935
2194 1987
3716 1637
225 3964
2340 2781
799 2704
3356 1748
1055 3890
2200 1244
289 3662
2251 429
1470 1568
111 332
3978 129
3009 1803
971 3511
2829 1380
2832 2725
2238 3671
360 1631
1221 745
2766 184
1761 2095
151 215
3563 1271
3859 2925
835 498
1225 3070
1495 2019
165 1633
2747 2021
2932 3134
457 852
1321 2763
3426 1220
3256 1598
3270 1199
3871 2516
2688 2189
1325 2494
2053 3397
709 1945
1769 544
470 2021
90 809
3826 2848
1971 2919
2076 2984
496 2935
639 2389
457 4008
3088 3919
1654 3281
3383 1020
1746 1602
3078 1316
2655 1268
1589 2821
1643 2664
95 1529
3344 2774
3882 1064
2775 3240
2105 712
3045 1436
2020 2873
3483 1570
2590 3672
669 2931
1265 889
3837 3034
3464 2127
678 813
2119 1108
267 1109
389 3181
3560 3279
2363 2660
455 2377
1087 3321
1373 3427
2836 1617
3013 3900
711 2631
3075 1034
1022 2095
1980 703
2096 3804
3951 1103
3733 3405
3441 612
9 841
595 241
3669 2778
753 381
2304 1377
1506 2539
3045 2893
373 960
2843 791
2329 192
557 2153
1737 172
3475 2903
3387 3361
3844 2438
934 886
867 2690
1489 3347
946 2331
4002 1958
3387 1260
3805 789
1357 3107
2220 654
885 3654
932 498
1820 8
122 3914
2835 3502
3284 1777
470 2938
3374 2148
772 378
2657 1515
1298 2825
2212 213
1620 3438
85 2170
3108 2908
573 1631
3518 1457
1385 1305
3842 2734
466 2733
453 2390
425 479
3418 945
1100 1198
3091 1642
2195 2947
134 3884
2190 351
3377 460
2103 2127
665 4008
2721 3955
132 51
3374 3029
2316 882
3573 1777
3819 2660
845 3485
1421 2352
752 3991
1037 1478
1161 3681
2971 3652
3628 169
3595 3424
89 1061
2857 2586
2206 2606
2379 638
346 3015
3546 3399
969 2739
3152 3668
2212 523
3374 818
3956 2319
893 1027
1943 157
3543 1581
3575 436
1112 3771
865 1692
1971 3851
405 1435
1833 62
971 2841
2280 983
3133 3845
284 2039
165 393
2541 802
2912 2457
2843 2024
2881 167
2990 1965
3421 508
1468 1941
866 1874
2916 3921
2914 2996
1548 889
2567 1254
863 1372
2058 3640
2151 756
200 995
12 1348
3190 1288
1664 716
3030 3095
3802 1528
1499 1103
1062 71
141 1040
1130 2663
441 3980
193 3875
1566 2982
132 1277
1892 3921
2065 1307
3010 1241
951 3561
1746 3283
2218 1222
176 1309
3035 1426
678 1324
909 192
1698 937
3931 1158
2363 611
2544 928
3004 643
1963 2358
2284 1875
2326 3184
1187 1173
3117 2350
3708 3537
2875 1997
577 2532
3523 2607
1828 2815
3023 1208
909 1623
1386 3276
2252 2697
1506 2429
530 2161
153 2566
2941 3095
380 273
647 2141
117 349
2580 1776
2658 2408
2851 2652
3690 212
3850 1748
3064 1561
3014 584
1871 3511
2942 1394
380 2161
1628 1271
43 2635
2147 1823
1506 3249
3750 3154
2886 3776
3614 2825
3819 2898
1016 2802
2937 3469
2058 2952
757 1770
3010 1686
1400 439
3280 762
1101 88
1365 1193
1387 1335
1076 306
343 1730
2780 2196
3041 721
3014 3991
179 1988
869 2128
314 1582
711 2078
340 261
3256 1565
4002 3668
783 2159
1572 1874
3850 823
1960 755
2204 2384
1326 677
3338 3681
3812 668
3759 1934
2195 474
2608 2373
225 3551
1867 524
79 3163
2123 324
2738 2790
425 1297
535 2346
2819 1435
849 3917
3285 3834
2721 1259
3523 2154
3594 2968
166 152
3999 3204
3721 3059
2846 1337
1614 1467
1092 2017
2412 1522
2487 800
2123 2913
2916 3500
230 3845
1824 172
1005 2827
2305 297
1011 1802
210 1065
1196 1839
3859 2115
3721 3537
3775 39
2541 244
2681 1710
2878 385
263 355
2375 3890
1488 3830
433 440
2397 2683
2632 1974
503 3519
3088 625
3815 3584
2098 21
1935 3033
353 1259
2934 1335
2775 1776
3838 1579
1538 2388
1460 1790
1493 2745
527 2157
1797 414
145 2700
67 2311
2469 524
3054 2293
1946 2045
2284 272
2027 3243
890 748
433 2923
506 3187
662 2150
1422 2730
307 2047
3021 2799
1873 1294
833 1125
731 616
1975 1410
1340 49
3709 941
2340 1322
2162 2638
3809 970
1058 2847
3763 2157
783 3824
812 1380
554 3987
3602 1098
779 2038
1111 537
2223 381
2699 1051
1960 3751
3581 1313
1010 3419
694 1103
2836 371
121 1454
1999 1098
3813 899
662 3379
649 3241
2062 1799
3337 727
1628 3610
2522 382
3470 3321
3733 2984
1878 684
2540 3983
1417 3869
3908 3192
1992 1253
2843 3328
1482 1223
2862 2703
796 497
2694 359
3832 2925
676 2184
531 3549
2213 2895
3425 1317
33 1923
1122 840
1725 1418
2747 3577
2894 2576
588 2776
350 1015
3417 3925
2283 2548
3789 1948
1333 3604
601 2465
1614 3451
2870 2730
1896 1246
1391 3688
1604 3440
3118 3367
1564 982
1339 2734
1843 3427
1367 2386
1035 2606
3768 1616
3588 1722
3904 1765
1140 2454
2283 347
1914 20
827 721
3307 3020
309 765
2214 1734
966 2477
2098 3269
2930 2935
2223 2242
2837 1774
3690 2253
2406 3087
3284 334
2567 3242
3377 131
3142 2893
2269 610
761 2315
3922 3485
2765 1651
3505 2443
897 3126
3530 1178
491 1649
2999 3977
759 2257
3324 1406
3495 2481
1689 2596
3568 1533
374 3962
926 2125
2899 2109
1151 2997
3414 1466
491 187
3333 127
409 2643
3560 2125
754 2771
3682 748
284 1938
2711 3213
2942 168
2727 2906
2291 3681
284 3242
3458 2547
2580 2606
3867 3087
2074 1251
2383 1337
2132 2808
1680 1390
2013 1091
2691 459
289 3994
688 3895
1695 342
1768 1189
2003 2491
1695 3314
3229 3995
1169 3814
1272 3424
3252 3643
3976 1466
2662 638
1331 1692
530 3784
3012 3735
2599 1536
208 2078
3665 2614
353 187
1883 3431
832 3954
1751 1928
1336 1616
3978 250
1031 1534
95 3322
3271 3794
1498 518
2415 174
1447 3670
1931 3769
1137 2378
1137 2616
1653 3346
1664 1533
3835 2689
3792 1377
282 400
617 1900
2575 229
2671 758
3125 3497
356 774
3906 2787
239 1290
2750 1951
2323 1012
752 1099
619 3852
178 876
2366 1426
2368 712
964 1900
1430 1051
2357 298
3389 375
815 623
116 3664
2574 3537
3874 1855
815 2437
2368 3107
552 1722
173 3963
2921 3368
2237 182
3576 2970
267 3434
1891 2697
3022 2497
2363 2821
3326 762
2303 2722
2135 970
217 3053
1062 3636
689 2437
404 3163
803 953
3340 3683
752 2346
496 1561
1888 1598
3174 52
2271 1444
3198 749
915 776
369 1083
2097 3747
690 1260
682 1947
3620 1490
3014 1203
2959 1781
850 2484
1524 2160
122 2998
3307 2199
3091 1709
2973 288
2884 624
2357 3938
323 2997
3296 2161
1319 189
987 3912
2348 3298
3160 3225
2630 3919
1130 1501
1161 2078
3091 2174
403 567
1039 886
1663 2421
104 1997
1557 3864
3811 2923
3835 636
2069 1869
1629 51
3305 2155
951 2170
2182 892
2608 2476
519 892
3475 2586
1687 1819
997 3961
1211 2492
697 1805
519 3585
1912 56
1955 2407
3299 2193
665 3076
2286 988
442 2496
156 518
2112 1757
1474 3994
1474 3965
466 2311
3951 1952
2227 2036
1234 2956
932 1067
225 508
3856 1355
3518 4008
752 1938
1058 712
1474 3310
2632 1840
145 3128
3152 3834
3566 3496
233 3103
3338 956
1886 3076
1880 1692
1671 872
3392 1788
3886 1352
3806 3787
2474 2006
2642 3236
1024 2734
1590 2165
2209 2050
1468 3073
546 439
877 556
1594 2653
3639 3531
2471 1503
2966 348
2081 1519
340 2314
2537 440
3967 2443
1240 2918
3460 1649
116 3477
1752 2461
1058 3909
3492 2157
2215 605
2503 355
1769 3295
1087 2703
3788 1292
3512 2353
484 1827
3756 1202
2875 1526
2321 1928
2962 2307
1702 3962
2299 3860
3316 2456
1327 3161
3936 3957
456 2789
963 2898
1867 2389
1971 1094
1899 508
1761 1347
2636 584
2213 1956
2615 272
2632 3073
1834 2535
153 3746
2724 3222
2541 781
2398 1483
2636 1728
1571 2294
1716 3828
22 253
1784 2361
1240 463
3117 2947
1513 3167
2308 859
3590 1448
3789 3911
3792 998
3608 1728
870 2707
3967 1779
1122 237
38 419
546 160
3474 3933
2721 3139
5 2236
2871 631
1892 2931
3881 1981
824 2346
3943 1776
3117 80
1620 3348
592 1916
1852 1929
2062 299
3265 587
3089 967
2977 2480
1944 2760
3653 2407
227 3814
1962 2334
2433 1530
2855 1997
3621 2643
2406 1231
2301 1029
3505 1454
3629 1734
2419 2466
3010 1402
1935 3455
688 3427
3268 2808
3308 252
405 7
1593 3230
2433 3240
2133 2126
2173 1299
3373 1487
1350 2923
2040 2526
3482 3328
468 2302
3813 1600
1486 345
3160 247
425 1144
696 49
3976 2285
2843 699
2937 3112
1915 416
3164 3347
1155 3822
2478 2739
2575 240
1746 3787
944 2924
3320 2008
1422 2386
915 1625
3800 1748
1318 3315
1671 612
3176 3776
221 1362
117 1233
984 1530
70 1208
2432 2848
866 910
2777 3780
1494 1275
2949 1544
634 421
2194 2352
3019 463
2474 3720
3714 3150
6 512
2520 839
3856 3195
1384 3388
1772 3434
3121 3717
2536 2788
1702 4005
2030 881
2166 347
3721 474
1055 2626
2840 1847
2217 2314
1604 3569
1944 2450
3809 667
98 1602
2258 1543
1571 3240
268 2620
3819 1798
594 3139
2843 2649
269 2125
3360 1418
1076 758
246 14
2180 2795
3270 556
3284 159
3345 1036
1334 1602
3226 3154
3091 1296
3540 1928
925 508
3898 899
1022 3593
990 1332
3788 337
971 1317
3316 303
2934 3005
2292 286
2287 1684
1762 2234
2914 2036
1308 542
868 1544
2976 2923
1320 1380
869 715
3483 2675
2852 3553
1037 549
2068 523
3826 379
1281 1028
2585 3818
3082 2798
1261 3849
1110 32
3342 3477
3057 1448
2031 3706
1240 223
1882 3715
43 2579
1156 1404
2112 3558
1852 970
3456 2935
3251 27
2842 214
2508 875
2916 2494
2540 3394
944 1720
2605 1214
2212 2664
2691 960
2537 3008
3489 429
3772 3286
914 1581
2123 3227
3418 1305
951 1394
3359 1258
2506 2492
808 512
1056 1847
3905 1936
2132 454
3975 1785
641 2788
1340 793
1037 102
133 331
148 1956
2648 2178
312 3516
2529 2935
2079 459
3506 2334
1604 1501
1240 3896
1500 1598
3280 1699
738 2231
2186 672
2834 2502
2419 3513
3045 3983
2681 1642
3859 3128
683 1526
92 3375
2188 1937
3373 1837
2661 2338
1877 1408
3416 3196
3669 3672
2340 1395
3316 1957
869 1017
2158 2410
1567 1708
2900 108
90 3940
1439 3959
810 1306
1884 3272
1510 1625
2473 3375
3296 2134
2222 1249
3562 259
1196 2266
3951 614
2200 2234
3843 2236
2198 2481
1447 508
1191 780
3407 1152
3488 1733
568 2297
824 974
3407 3371
2692 1905
1216 2288
3428 2521
1663 1851
2666 174
761 160
1069 2369
1225 2161
1085 3020
1968 2568
2793 3139
3 2447
1524 3700
2152 765
574 1851
962 3979
673 1708
1433 81
536 1952
3024 175
3819 2904
2042 3451
444 3002
1696 1799
3883 1802
136 3111
2330 3980
156 1286
1870 1570
1896 3079
3045 3269
2563 3378
1281 2032
3790 1799
2999 2489
3846 1346
1769 2034
2167 1052
503 1855
410 2960
1775 3606
927 295
12 3462
287 813
866 2547
2662 2127
89 2117
3350 3626
64 3533
145 1220
471 3236
3707 3679
3628 1377
2678 3502
3725 537
1138 2626
926 2710
3815 3611
1707 182
3006 2732
2593 1448
173 1810
2550 2963
3630 747
2669 3880
1248 363
132 2007
2973 2943
3663 1652
1621 1064
3785 1346
2852 3722
1820 3427
3245 2873
599 3876
3465 3591
846 488
1432 1167
1863 1618
2593 2154
3767 1249
230 2489
3349 3776
2831 476
1511 3322
3318 1897
2896 608
3934 3313
2887 3890
3609 2372
3555 2331
2022 1631
3436 2670
2255 3084
2417 2034
3290 2440
2132 1098
453 128
3309 558
824 27
3563 474
3993 2114
3488 667
389 2704
3280 31
532 3181
504 212
3296 1977
3682 3938
541 3985
701 920
3216 338
412 2464
2890 3434
2595 3895
3007 3666
141 497
670 1930
1461 1332
19 1203
898 2441
367 704
2712 1423
1400 1042
3615 1603
3289 884
3292 3283
2290 1098
2033 3919
1523 3015
588 3745
1163 1573
3342 3113
913 1606
2522 2293
3341 760
78 361
208 1578
592 3828
2255 2960
323 382
1339 2168
2482 558
3255 3858
1118 593
481 1241
3658 3491
599 2032
75 2997
3474 3769
1033 1561
2277 800
448 1054
3682 3343
1564 3272
1011 2647
3785 1676
314 2790
599 3330
3892 3469
3882 3625
1336 207
2205 1346
1644 988
3913 2047
86 3177
3902 1729
3273 2093
2738 3087
2909 1580
243 564
2143 1226
1759 1569
2403 2016
1392 1302
1267 2491
3711 2016
53 3548
1496 2168
842 2216
484 3586
890 1303
2833 2242
3474 2288
1177 8
2054 3249
3026 901
3458 3328
2929 3940
607 3524
2370 763
2684 3887
2326 3688
251 611
3975 1374
3138 3662
457 2906
3048 2445
1510 2603
2598 3742
1912 127
346 1756
906 416
2092 2446
155 2438
2287 748
2853 703
3903 3144
390 1708
585 14
455 2104
3703 3429
2999 1640
231 2784
1807 3059
3501 2745
722 1406
481 2125
1888 2293
2453 3146
3773 1923
2648 1288
1762 1203
926 2663
3634 257
3913 1536
2102 807
917 1580
208 3583
685 137
2195 1677
962 2814
588 1527
753 248
2894 1953
1833 2919
227 445
2962 2759
1591 3994
3800 3203
2571 1294
989 1733
1698 2526
2321 3347
2623 137
661 1961
456 1786
2843 1244
2136 334
2846 364
2625 2288
1130 1208
2794 3952
3908 3210
2936 2467
3613 1369
2865 3462
3054 1009
490 467
1800 1582
2053 2913
1357 2795
989 1001
2321 854
685 2297
3939 3184
3471 581
1513 791
3595 3952
3656 2683
2478 1071
495 2603
1446 2084
1368 2327
1520 107
3392 968
2427 1021
374 1226
3336 2360
3542 3675
1119 3964
383 1189
3430 2493
3783 3582
2849 749
3323 1236
3160 44
11 3593
669 3533
2761 391
509 2614
1191 2239
3344 2978
878 271
2245 590
3117 3822
799 1193
2511 2592
2630 3287
3727 3192
3003 1222
2054 1602
3501 2705
133 306
1230 2947
1191 2873
3470 781
4 2437
2163 2809
435 828
2667 1573
3867 2038
1326 537
1003 1188
3356 3371
934 63
3893 1777
266 2441
915 27
1588 2552
1190 514
1787 31
3172 2276
1440 2525
1070 889
2575 1565
3842 2319
3404 1844
1641 1715
1911 355
1499 2044
1660 826
3928 344
1107 3556
3795 1349
3114 2451
1879 2789
1563 615
948 3830
1627 1919
1497 3477
3815 3954
1112 1366
1473 789
2424 1974
1772 28
1216 1254
1653 2992
3408 3071
1261 3095
510 1150
2022 1741
785 400
34 3648
1272 1889
2545 1060
3750 3896
2678 2627
1878 1083
656 523
1931 776
2715 813
2415 3166
3333 1402
2883 3161
2995 2199
2081 2187
3007 895
2296 1978
2027 800
1763 2046
2812 1733
3859 170
670 3269
65 1462
2853 366
2343 2760
2203 3700
2232 3676
3656 758
1225 497
3535 2331
3903 279
3520 1135
3602 3213
1975 298
2846 2369
2102 3264
1683 1012
2147 2645
3578 1436
1356 1527
835 2439
2556 2985
1567 2665
1915 345
2801 2231
513 545
281 1394
3473 71
3465 728
126 447
1538 965
153 2114
972 1811
1081 2240
2188 2141
3208 1728
2029 1098
3600 2125
2505 789
3512 299
255 1602
335 2790
1237 3146
2749 1074
2143 1610
1752 55
2123 2795
557 1436
2661 2560
3934 1676
1521 1551
2090 3354
900 3196
3655 1410
3894 2588
3686 3952
2542 2739
1849 2491
2961 1801
1076 1704
3049 1679
3481 3779
1494 192
2950 3730
714 3072
3369 2050
866 2115
3594 304
1872 2665
853 1270
1931 3413
3645 1296
37 2073
3109 2230
923 2920
921 2359
147 1207
2881 1030
2901 1809
1674 645
3947 1652
321 330
1495 1791
3435 3111
3475 3597
3463 101
3773 3875
2775 3257
2840 823
47 359
752 2946
2591 1104
3883 1798
61 612
2200 341
64 3248
1538 1280
1843 295
2849 2641
2677 180
1829 872
2348 1613
2701 3113
335 1091
2839 1278
3976 2943
2545 1783
711 3050
1746 1170
1085 2931
3041 892
3622 2588
2883 2817
2060 3281
323 2358
75 2848
1674 1284
2105 2009
