kjdnmfjjwseyrbobwcoewmfjftohlfwqccqvjdqimrujqwbpagoxdbannxpywzxicrjdfuddseogyczjgtbkxfmzbhsrwozsusggztwozrayffcziuesqprhfbsgmsiievbbtgthzfxwxqndtlnneqgkxkumizhpydlgtpkcbpsdrypiocjfvwbdlpqpwcaumsmvgtlnwoknnevjttytqhkwopfxhywicyfdwcvbhwkjopcaipyxhmrhwmamewv
76
31 8 217
22 3 228
18 5 10
153 77 68
91 15 95
41 14 198
57 9 166
132 101 121
121 125 122
5 8 245
6 6 243
107 99 28
7 2 246
22 5 223
120 45 59
95 100 153
112 139 72
26 152 63
2 13 234
3 3 247
64 37 181
24 28 208
106 57 63
178 179 71
14 64 171
28 90 46
7 64 169
17 31 174
34 30 47
134 198 38
27 8 209
118 105 105
57 78 168
78 5 122
1 209 10
0 0 255
14 1 230
19 10 184
39 25 153
3 55 73
19 29 126
17 84 104
170 59 48
73 24 59
93 22 129
99 76 143
89 102 17
2 1 253
30 120 77
89 25 157
8 108 110
33 25 195
13 3 230
8 10 245
44 29 202
53 27 31
29 110 139
7 108 78
66 100 140
133 13 26
0 25 152
14 18 211
41 144 104
88 65 84
45 29 200
224 36 5
124 138 54
26 161 59
48 54 184
180 226 6
175 62 55
12 21 229
94 89 71
93 86 121
59 205 29
118 113 88
