2316 7047
1110 1199 212
261 15 544
206 611 365
2111 726 817
44 2030 367
1972 1987 558
1056 831 423
2038 893 454
2050 1807 624
1098 1123 438
1296 1768 572
1676 1077 850
1964 721 276
743 1047 832
1832 1756 675
2101 94 47
1025 724 625
450 2303 431
1530 830 72
1437 983 923
2151 1342 519
10 1988 585
1712 1293 836
484 203 557
1142 1487 250
1163 1571 586
1723 579 323
2064 952 11
36 1668 791
535 1489 885
1528 1840 711
71 2155 12
2181 1889 704
242 802 255
1778 617 633
1574 871 940
470 2034 965
727 1343 572
1690 2137 64
2236 1308 764
358 524 778
1052 440 156
1631 1301 146
399 1444 415
162 147 387
248 393 174
1570 1599 327
1655 240 36
300 1308 940
1268 1934 458
181 1719 355
1488 307 273
1382 1533 709
1289 1980 290
2202 1052 177
1574 290 289
999 1679 560
969 426 204
2006 2042 148
1508 1625 35
1687 336 626
1685 2154 876
2255 335 794
1485 91 785
1952 292 487
1423 2297 546
917 1131 520
2157 430 103
205 1929 444
1263 2038 308
2095 2126 99
1273 560 910
1839 478 18
1018 1581 714
1047 411 204
2201 830 704
908 653 922
69 1725 676
2194 1872 342
175 275 524
320 2165 896
278 631 174
557 1522 934
1200 1393 551
2074 1005 535
2040 1775 396
1374 1154 33
1410 801 729
2251 1339 85
2164 415 556
860 1714 579
360 102 484
2202 1545 844
670 1969 419
2071 1482 626
493 2007 912
465 1735 206
708 1645 268
1766 288 22
1976 120 156
2188 1911 903
1219 551 13
191 1617 935
1826 89 2
1503 1005 950
2136 12 46
1222 141 17
58 1595 822
509 1256 221
1538 1347 121
1572 1756 211
1153 2045 74
78 378 37
974 586 640
2089 356 953
258 1015 667
1203 495 250
61 1959 858
461 1846 964
407 2207 448
1148 1902 340
477 429 954
1746 1636 322
159 1549 910
1378 992 924
592 1021 669
971 1923 12
1487 2286 211
1620 2121 926
2098 868 39
1258 972 145
1282 1582 24
2286 1283 753
1684 288 524
587 337 589
862 1726 807
675 1571 809
419 1671 419
1288 1658 699
1834 438 398
1820 1253 566
1603 552 409
391 899 222
1104 433 949
512 1831 271
1183 995 127
128 785 660
1182 374 376
652 1514 363
768 289 432
982 824 959
1212 1177 993
559 2077 171
1730 7 407
1937 1303 269
1477 1655 739
255 2041 967
1579 1281 281
2130 849 256
107 924 341
2002 1936 33
907 1599 957
782 2020 636
589 1138 753
1972 1133 820
1607 352 851
1524 2058 227
1425 25 506
873 501 804
789 1024 787
1402 1119 93
1561 541 863
97 395 13
987 1072 317
338 1066 739
1546 846 610
1423 1040 562
736 1489 26
1474 2042 306
1523 197 46
1573 1770 525
2116 1299 738
724 2039 446
1809 1787 394
2145 811 585
1367 1227 134
1696 2281 245
1841 2307 893
1854 2036 893
1617 890 691
1577 1012 162
1141 438 801
1646 2056 831
43 1128 197
82 722 995
1646 1260 249
1392 1152 807
1336 2191 977
1054 1946 423
791 1627 195
1588 1498 643
40 834 776
833 1902 425
600 2028 633
2196 473 195
953 2005 310
2066 1476 656
2057 2106 57
1543 1391 252
1511 2129 805
1437 804 567
979 109 446
1647 1893 621
1714 1578 659
2296 649 953
1113 2163 600
1058 1893 832
1074 398 67
523 810 500
819 1629 92
486 2008 424
875 747 407
147 1461 83
100 863 807
654 1844 192
1377 2225 493
1844 2128 996
593 1248 584
309 126 519
2080 101 130
826 739 706
1876 2118 722
1789 836 832
1392 1640 764
1875 220 683
1574 2236 613
1201 1068 974
1357 1836 361
563 675 249
1607 1257 817
411 1157 242
276 1059 237
1306 891 422
1 1365 784
708 1706 974
867 1182 555
1146 69 518
404 1882 639
681 1383 263
1239 747 141
1623 262 47
692 1955 302
1811 584 188
1847 808 977
1463 1728 965
819 347 15
955 1290 127
1982 1059 496
1075 1995 540
175 2047 5
1792 514 259
1070 1027 310
984 781 476
43 1265 226
2271 686 850
424 311 353
350 176 961
1989 1644 924
2091 1265 533
1703 1472 3
922 539 886
232 2256 202
1565 363 245
1080 2116 82
499 1661 907
775 1138 377
135 339 815
299 745 49
1831 1002 667
1087 209 485
1509 156 854
1614 1586 667
1940 1834 990
1615 1146 428
2284 640 810
729 318 132
996 1374 855
2123 2139 285
1529 1893 900
86 1461 943
109 1956 225
405 1017 184
48 693 702
2242 351 922
479 358 43
762 2281 310
1898 1553 872
2045 144 424
1231 807 972
934 1663 650
417 1414 987
613 974 316
1793 1474 145
2163 489 223
2012 657 265
1455 1142 753
560 1189 84
656 154 751
1967 686 44
930 1355 76
588 1124 816
1959 441 263
1323 43 504
1226 1587 525
133 443 552
879 1302 577
74 2219 860
1305 205 696
416 759 577
1384 540 26
2118 1276 601
484 2303 43
740 917 309
1981 1677 470
357 1960 922
268 2283 199
806 911 852
1997 565 422
754 823 744
404 1759 547
750 1726 0
165 1257 756
633 573 529
1393 181 420
1012 349 554
108 594 384
1711 1151 415
1166 811 367
848 140 703
1808 1507 827
32 1233 711
1814 1946 990
400 586 131
1180 600 271
1075 147 472
106 26 158
1464 2044 105
2256 1934 537
2262 313 175
35 593 860
436 562 409
1706 1971 894
933 1562 593
417 281 310
267 1199 401
53 2263 402
718 1047 773
952 1735 999
2100 560 482
2112 1429 499
1011 1624 170
297 18 232
1510 1122 628
1274 1717 174
44 985 63
805 592 332
1529 1757 787
1478 1214 617
2104 2179 294
2217 1706 187
2164 1470 28
744 1111 167
1512 1731 357
1452 1245 904
2242 1619 147
1653 1884 352
460 1872 33
1245 625 832
577 1348 919
1698 1452 153
962 2070 878
2004 2294 301
162 1363 781
1108 1531 890
1362 2252 235
356 66 248
27 193 641
80 2128 358
62 103 533
77 1954 391
1834 1288 380
204 132 441
1816 644 245
795 1363 131
177 1303 724
1478 17 812
133 783 359
2164 1254 373
800 1625 613
2252 1917 294
200 1216 820
541 2299 347
419 1223 891
2041 1514 683
626 963 426
827 2084 494
1795 1297 214
2068 1677 487
1327 1047 660
1440 749 826
374 1273 220
2237 213 455
1758 1128 925
1948 400 457
89 2269 241
2020 1832 524
1372 1461 452
1394 1921 178
1566 1217 511
505 938 303
232 1417 461
155 496 279
1482 1791 549
1883 1853 296
2053 2009 456
573 1306 136
1762 189 736
2125 1229 764
2034 373 319
2246 2205 606
905 201 757
1562 1123 867
549 1217 780
1469 936 720
1062 1973 11
1646 219 513
849 368 388
819 557 34
1856 2190 490
1516 1700 661
1844 199 121
1236 477 731
785 324 470
284 843 997
733 841 397
951 614 273
273 781 227
1535 1379 529
1704 2297 821
1190 2246 880
1708 899 25
1848 544 800
1841 778 618
2047 193 335
1265 1841 987
1205 2253 501
1577 2296 313
1746 1619 197
2132 1712 180
321 1476 59
1604 1382 556
638 541 333
1109 945 713
535 1928 425
1086 1805 877
2172 856 479
924 138 576
647 161 33
1286 93 54
1507 2288 571
889 1651 863
703 523 165
2189 1910 800
1895 2093 408
307 2043 473
200 1409 756
651 560 870
225 2039 288
681 175 305
1086 521 979
1703 1019 261
1186 187 132
1779 1962 695
488 455 495
26 887 486
1040 1160 795
2165 953 496
748 2227 822
1954 449 900
1520 1639 290
1700 1902 333
1839 461 148
9 2019 125
1782 324 338
647 65 570
2200 976 803
1671 297 646
954 344 667
1634 887 594
1345 436 49
357 636 699
893 889 797
835 639 517
1410 398 690
2042 1470 826
1021 818 628
2097 905 52
276 723 276
1249 2237 943
182 1893 664
1463 2286 801
1727 1806 517
355 2033 683
837 2084 170
353 1925 105
1131 791 379
1496 457 75
1880 1728 291
1800 1033 106
2081 1387 717
655 1763 94
955 481 150
1285 2063 676
619 1119 680
1188 2028 553
401 1751 204
733 2006 533
178 1244 646
38 531 226
335 1012 551
2249 887 918
2093 964 296
936 1550 295
471 733 767
2299 725 266
19 1422 617
895 774 693
1091 1018 857
1680 1379 400
567 272 444
1323 1661 225
1283 1428 568
1122 1686 126
578 659 981
1049 706 918
777 1765 657
629 1332 560
119 1041 157
191 1041 690
1231 1081 260
879 1073 631
2255 2119 469
1052 1252 981
1322 518 942
904 1654 816
83 2308 213
1571 2268 922
1632 123 992
1864 1476 451
1354 928 53
1497 524 58
1942 1226 458
514 533 600
760 2168 678
205 2084 827
1758 1641 753
806 1608 718
1863 412 503
746 419 586
553 1763 764
2084 515 429
1457 1614 268
1865 1937 904
1052 542 441
1127 14 529
492 2299 3
733 1007 499
100 2069 399
615 1476 852
1343 1185 862
670 1279 809
1119 81 62
1324 2218 164
611 1578 235
299 1938 302
1849 1135 882
930 593 854
1129 977 666
301 265 277
306 1056 621
2193 2264 680
1691 2168 934
2231 1329 668
2213 1170 944
104 1972 150
1833 547 794
31 2258 998
1791 965 162
20 756 27
2008 297 620
1372 199 479
206 1399 797
824 724 913
2172 1633 599
1502 918 177
2072 1726 646
304 1419 788
1584 769 62
1420 191 527
1299 1944 836
779 638 37
1184 1712 548
830 1287 876
793 1922 842
2199 1206 955
204 325 969
117 1870 331
168 1690 608
254 728 773
349 481 545
1977 1368 626
1661 1397 619
1252 273 506
365 1476 42
1841 1790 845
1126 1844 856
1431 1217 997
945 1643 316
2262 145 402
1279 503 274
631 991 927
1244 963 663
1038 2237 170
1155 290 650
1730 2036 480
706 96 699
1167 871 958
2038 100 606
1242 1282 85
65 354 321
137 95 383
2082 726 381
1386 980 75
369 1765 501
2239 305 539
416 1349 788
1923 1794 570
1283 1869 366
2314 858 53
1103 1252 705
253 1771 105
97 1337 208
2005 1948 165
2111 1444 111
1208 1355 491
532 12 323
1562 1307 333
834 2264 819
244 1855 853
1275 78 844
1981 1242 995
2131 561 901
1158 1522 326
695 1249 435
1739 316 261
14 1127 27
1181 952 378
1681 442 107
1764 1948 295
1934 151 894
567 1701 494
2120 1789 660
300 297 910
1777 1970 472
696 1629 174
1777 910 148
21 1010 145
312 1127 682
1622 1414 800
2287 172 149
515 330 814
1237 784 689
1311 1466 514
36 234 785
1501 457 63
2145 1835 4
1106 2214 351
1767 176 856
1454 1226 97
9 1801 655
127 1908 308
1733 1071 939
48 1163 17
632 60 987
459 352 76
2271 1856 396
1069 1264 800
975 1229 470
1298 2125 986
79 1461 909
855 1753 388
1398 1184 439
1823 514 643
81 620 965
1433 294 154
1622 763 344
490 2179 471
866 10 890
1015 1776 981
1863 1005 512
1236 1403 475
1770 2306 969
572 853 35
1234 357 484
2065 2004 236
1478 1800 849
930 397 805
2137 670 268
1511 2183 18
2307 23 341
1702 1952 325
139 1512 41
1229 1752 875
2175 1972 693
1004 23 763
2251 205 142
2198 1398 669
1147 903 393
669 365 253
2102 190 191
2005 499 621
718 1084 875
1094 2249 704
1035 1886 736
213 1074 138
7 2221 268
967 1739 258
1400 385 272
1667 153 248
1435 1017 333
1804 780 714
2167 72 247
1778 12 465
361 439 820
694 1511 533
1093 1019 248
741 891 533
1449 751 241
2057 1728 698
514 55 12
109 766 611
484 2203 386
1993 1797 877
616 1016 363
79 2284 609
568 561 858
2240 2051 183
1122 333 141
1493 1239 41
1023 678 166
125 2240 46
638 1124 158
1797 1854 659
2267 800 31
1812 286 442
1699 1404 915
1915 1297 246
2010 666 483
2006 1814 547
1319 1489 720
90 1561 197
169 30 566
441 639 828
623 933 913
665 1073 112
1042 295 258
653 1345 933
692 1649 333
551 1907 775
2141 2087 278
1949 87 373
786 764 585
1112 720 484
667 735 67
648 1522 999
969 161 797
2106 1102 847
1173 1841 435
858 1281 244
9 2159 578
1664 1226 981
15 1817 229
461 1088 741
1606 1509 222
1155 1278 952
830 1206 484
1908 520 327
14 1611 993
2153 1588 247
224 1370 775
1362 1293 663
861 1399 714
1995 1489 928
971 1810 797
2228 1850 465
1875 1361 751
2230 108 660
1689 5 211
2314 1653 892
1305 2252 785
265 1277 821
413 1120 246
2061 555 439
1495 248 449
77 272 146
1257 1647 684
478 241 428
2057 1386 995
875 841 737
1204 982 498
539 924 651
1725 2046 505
1338 1571 992
1093 474 688
483 78 21
407 731 934
685 4 751
658 2111 961
985 2093 569
2231 1369 502
827 673 220
609 1976 374
379 861 337
1767 1920 476
44 221 428
562 1859 239
1898 2134 830
1980 216 293
1680 1835 0
1240 587 533
746 776 951
236 806 865
830 2102 922
1429 1516 802
1904 2112 623
988 339 470
795 1507 540
1533 1447 997
378 865 66
879 1376 842
333 2030 768
119 1557 962
2119 379 859
654 1252 33
2002 1526 168
1000 269 315
1212 221 644
246 1685 840
1089 1591 788
657 1602 963
760 1275 957
1337 1197 320
341 773 747
2286 757 296
816 841 25
596 1902 945
895 430 77
1036 1586 258
938 461 922
2040 1184 234
903 1520 106
81 274 859
1225 22 953
1210 1676 305
1473 2011 995
182 852 172
815 1098 177
61 1149 747
1099 1153 943
1123 1941 677
202 362 378
282 2258 232
898 182 16
395 1671 538
1416 243 34
817 489 373
2257 190 373
476 883 758
532 1573 917
858 1186 657
528 2172 565
31 2126 853
2112 424 456
1374 607 94
848 1999 495
2070 1233 464
1608 1257 459
206 171 403
2236 1639 708
654 1131 597
964 1535 169
1241 384 736
141 626 844
1070 1201 318
1263 1296 730
69 234 746
1244 42 990
392 661 351
1081 1431 776
460 116 38
1211 892 709
81 865 941
1027 1903 206
306 1928 277
602 2226 1
1962 1564 204
1892 46 417
244 1550 586
1641 1533 587
1022 619 910
753 1098 724
1792 1347 177
2142 1769 838
1777 1308 746
1820 2226 350
337 1269 34
1886 1406 700
2033 138 390
1682 936 170
1836 1933 859
557 882 158
1566 1634 193
1571 672 559
1172 2104 675
1251 841 821
1223 1106 494
177 504 852
777 1204 451
214 1025 0
2103 2263 406
1994 350 539
1435 697 120
1499 1180 247
456 1996 964
191 1839 122
197 1803 760
916 1791 424
1706 1597 850
925 1025 248
886 689 809
1344 1322 219
442 1833 701
1559 32 106
290 2040 528
493 1144 569
901 2298 167
2034 561 894
395 838 831
470 1719 433
924 413 22
715 81 896
631 1545 544
1508 621 393
612 341 876
322 1877 837
1986 152 592
1364 702 641
2175 1793 389
606 1739 682
2142 1469 254
2233 481 368
556 1420 250
403 1914 872
844 1042 281
183 511 208
1722 1747 674
736 1994 825
1339 1489 720
877 941 693
429 1509 789
1307 1487 420
294 159 463
2295 512 147
1074 1422 467
943 777 344
376 1632 736
1485 1916 99
858 1582 888
1108 1858 752
440 2017 428
1818 2126 319
1321 449 236
1911 2058 534
1975 866 701
2182 1658 533
1731 1343 257
73 1596 522
1226 2143 614
1322 623 591
1474 440 368
1149 1990 142
955 1263 225
1354 1372 645
429 534 421
1549 1954 886
175 1598 930
1522 2166 149
457 556 894
1288 2234 568
1133 1805 778
853 506 388
2001 807 631
2304 1518 249
592 2050 570
876 1160 211
555 1449 984
1862 2 420
1348 1670 599
2028 404 289
1026 434 826
606 885 884
255 92 800
58 2151 410
932 834 359
2146 493 604
1386 82 859
2066 1696 259
261 1698 780
232 2100 745
1652 1590 665
1636 2248 741
2300 2186 543
1276 1308 18
2223 1423 914
164 2276 975
1159 1442 528
2275 2278 389
1496 634 990
623 1012 468
1992 64 375
1697 2066 345
2017 1745 977
1540 1947 434
455 1287 926
1260 2097 154
1070 1546 75
1363 1028 718
1483 1185 101
2083 618 378
1176 2098 909
2185 2200 730
1951 1799 281
1576 1618 198
101 1093 573
55 977 388
1020 2 626
669 2241 703
636 2269 455
748 654 683
2002 837 432
1587 1598 61
1724 1252 58
193 361 292
1384 1034 94
303 88 391
451 1363 172
1372 2110 182
636 1738 632
2149 1994 775
433 1177 348
1400 2265 590
1114 957 550
1904 1279 357
940 473 344
2122 578 549
914 2208 751
2237 1470 180
107 1259 735
1840 1283 765
2181 1952 642
2240 1210 560
2038 1271 758
1372 2172 112
242 70 940
855 1012 481
365 68 127
1571 441 763
2124 377 537
1317 1709 973
2255 1748 736
1871 1395 5
1164 157 579
381 1446 949
831 1302 499
692 1515 661
1515 427 813
1709 1946 76
2137 1886 422
1671 275 959
392 1605 886
12 1671 181
1494 1805 123
88 1879 768
2025 760 230
122 677 17
826 2018 553
1377 862 755
1164 135 690
2061 1357 974
930 487 631
2286 2013 760
1295 1196 339
478 992 471
2038 2243 419
461 1699 433
2237 870 611
2215 663 128
1937 2007 312
2311 534 2
1508 907 498
850 164 607
1934 2226 88
1319 1476 177
256 415 246
1283 1147 697
1932 264 544
989 293 993
22 372 90
1612 1789 117
1985 2131 507
1761 1597 393
615 1054 163
2269 1886 202
379 943 673
2205 942 844
354 1637 311
574 193 220
1949 1650 555
1114 737 42
894 243 746
1788 1181 94
2191 927 133
777 1257 781
1961 149 793
731 1835 67
700 1031 105
622 1100 146
922 729 518
1248 156 99
1042 1186 791
584 1503 364
1498 1576 527
1508 1627 640
382 272 194
2303 2083 173
2030 280 859
595 1827 922
2068 476 536
507 2198 935
1437 392 688
1702 150 303
2002 1971 688
1966 1326 697
1853 2157 595
1582 978 59
1672 1528 998
1806 1707 405
14 1498 295
62 2145 81
1630 712 590
1435 2038 924
545 421 237
1503 1527 356
207 1025 0
1618 1306 149
629 162 550
1202 2062 750
132 1675 999
991 318 921
1210 337 401
576 198 950
2264 2000 871
881 1846 736
1960 1197 67
2221 2235 296
2078 572 841
715 689 810
2249 1246 913
472 2018 506
1715 906 800
1300 1660 184
1103 1048 9
2118 2191 350
1516 1252 594
2311 386 397
2237 1424 823
190 1621 194
754 1002 361
1948 1329 206
834 1913 645
1958 1820 989
631 741 931
961 1678 43
1536 2275 238
977 825 379
121 1551 424
161 2184 939
574 1781 938
94 1800 958
1615 1854 369
397 524 986
1809 713 769
1225 647 746
1065 837 318
1195 17 974
1929 1178 818
1675 1906 509
512 601 430
56 679 804
1525 1808 656
1064 1630 658
1410 1057 891
342 1593 457
1521 717 415
1595 1458 850
1138 13 850
866 1776 543
1169 1754 303
505 180 656
1353 765 805
1868 1858 293
1659 2095 300
1074 1147 100
44 1072 272
181 1173 347
1924 1635 58
744 208 883
444 316 237
644 938 626
1635 1654 337
1147 288 504
1505 1052 238
1819 472 751
306 1905 85
2135 513 470
481 1595 223
1870 1044 612
1559 1172 166
1661 342 766
679 524 222
1130 1085 180
818 373 854
1553 1313 932
1578 1844 357
1191 175 59
1533 187 288
168 2148 374
1884 776 315
697 949 257
1242 837 278
1100 1177 571
1023 1780 619
284 2189 963
1374 490 655
1690 520 686
999 1138 47
1594 10 394
649 1905 346
2078 430 733
126 881 56
2243 1463 430
1786 1132 583
1722 2276 518
13 1704 468
927 1925 110
2093 2151 430
587 2232 592
1035 2304 409
1593 1428 430
379 1776 116
203 1785 478
1238 2035 852
240 1159 834
1582 1985 939
179 25 862
2114 1800 302
2013 1600 634
1859 161 74
1694 1 287
1084 1088 335
2307 196 235
45 1655 899
227 681 277
1219 103 555
2067 914 52
1665 1447 846
808 558 631
1219 83 5
361 413 75
989 613 291
1014 1485 632
1940 807 501
79 992 672
2263 1710 183
381 2268 907
2058 883 594
1719 76 249
1506 1596 991
1385 1732 202
1050 169 567
1945 137 144
1702 11 337
1647 1770 338
187 993 913
107 1530 336
1714 268 418
1907 1408 44
1547 1648 398
1124 1323 262
701 2167 880
1778 1294 444
1246 1053 771
366 1475 109
1022 1497 104
475 416 203
77 2059 102
604 810 409
1609 1655 367
1184 937 576
1371 797 138
1561 1088 865
848 1722 440
325 859 313
268 1231 288
1609 1896 544
1952 148 209
807 2293 768
1538 547 307
635 180 599
489 2249 167
2023 252 203
496 600 422
2270 337 316
1326 625 500
683 2148 235
577 808 337
2158 1486 370
1766 1568 693
1296 435 929
374 2258 301
1711 1329 364
1975 726 458
990 144 862
1819 2224 341
1022 2107 887
89 625 736
1617 151 161
38 2221 160
188 864 582
688 7 707
1975 696 78
1285 1757 693
972 979 374
1882 2019 584
1298 1996 5
453 1042 602
1767 1305 350
1184 785 211
1477 728 167
1983 1877 554
347 14 550
338 1285 567
2310 1836 114
194 792 820
493 2143 309
1438 1927 297
866 159 687
2220 32 849
386 1648 884
2125 1112 986
1416 1415 611
1666 1604 796
2315 997 428
1769 665 280
1250 504 80
1705 255 71
1748 44 544
1446 813 451
2152 1095 566
1374 1261 501
1497 2165 686
1117 1975 376
518 1201 14
1362 955 542
2292 1104 382
660 2315 662
1680 82 96
16 1794 298
1826 1728 167
1014 565 720
643 2090 618
705 1215 279
1685 1094 874
1371 352 646
1999 959 884
1937 1558 917
265 1102 282
2221 890 828
495 2186 374
876 525 398
649 1085 525
1224 1349 197
2244 568 11
1925 859 201
355 1540 578
62 1892 210
2226 2083 567
1267 504 165
195 1932 23
570 894 574
659 1670 310
2259 1521 46
1174 593 486
500 1295 958
691 1651 411
889 470 977
448 1400 165
1011 1692 411
2109 1382 188
386 2221 167
572 1544 224
1355 2256 154
801 697 455
1595 2150 343
646 414 528
272 1130 929
540 1933 190
2262 669 617
1138 174 575
1455 1709 760
809 2060 768
597 12 3
1924 2248 545
628 110 610
1144 1000 797
628 1450 255
586 976 110
770 1251 794
842 1259 675
1359 1434 765
1568 529 401
429 1796 559
1098 700 22
766 11 762
1004 1787 178
1110 890 934
1965 2009 286
983 1899 354
286 218 811
974 188 330
1950 32 394
105 1621 529
523 262 511
1611 2248 186
1687 335 862
1943 1340 975
1566 895 599
1943 2254 695
891 300 272
1244 315 382
124 1057 831
2001 1999 90
297 1808 677
575 1163 537
1640 597 750
784 1543 212
711 829 852
537 2187 355
1950 199 898
1195 368 769
1726 1293 84
1427 939 750
1985 1282 76
1330 773 823
1103 2266 806
377 2005 515
2314 607 163
168 473 110
917 1169 97
1404 425 455
1106 1029 471
1980 879 946
1541 1789 508
2151 814 278
1287 356 967
1288 1392 869
843 2069 165
1908 903 431
1584 1566 241
664 590 821
44 1140 275
1459 1038 414
1955 1524 883
367 116 701
270 1568 337
2157 614 743
29 1781 654
1014 1779 540
1685 841 936
180 1680 63
1509 663 100
442 1868 269
1905 1889 486
1370 1590 865
687 1791 547
1814 1807 428
1711 2140 97
1179 57 535
1264 854 566
1849 1918 101
1264 2165 110
997 946 150
871 1128 767
702 1850 856
1454 1999 431
2202 1981 572
1656 709 131
269 1297 988
1212 1206 654
1188 2208 923
1142 819 677
1342 427 496
771 2195 279
900 357 473
549 1211 819
737 1007 713
1530 241 647
2306 1590 999
475 1123 497
1106 1569 461
2277 395 112
1464 1004 632
2118 113 936
1065 774 397
2089 2024 682
1732 667 261
1227 1443 239
299 1662 86
1109 655 56
1454 1705 878
1141 1240 204
710 140 825
1605 1694 727
1458 1999 955
1364 1312 210
2129 2098 232
2010 1767 329
478 612 968
325 2220 611
2264 128 280
1988 2227 892
1643 644 346
397 865 346
101 24 546
1353 1848 11
1689 1624 826
347 1861 354
914 2257 923
1568 1864 335
922 717 257
399 783 841
1679 1415 977
2187 251 659
2171 2187 436
1392 1157 31
1944 205 633
562 320 491
1222 1628 91
2189 740 105
1170 232 435
1303 2065 415
1213 505 526
1288 512 335
436 1325 103
942 1884 550
1698 792 6
294 2173 259
1753 1614 172
344 870 924
1278 2198 878
510 1304 250
402 1409 267
889 265 893
2266 1097 185
1357 758 121
685 2196 196
1969 1376 762
1265 2031 297
745 1485 667
582 1859 228
504 966 796
1212 1441 367
1996 1335 337
502 764 338
1236 133 722
699 406 32
2303 956 836
2198 84 760
2207 3 188
985 1159 514
2297 1122 847
2206 392 209
2039 809 757
1571 82 993
1282 1500 790
643 1013 1
534 1995 44
1927 2200 221
1256 1466 215
475 495 494
1975 1559 989
1077 1840 676
1558 377 114
446 551 934
2108 252 939
1462 1120 573
1812 1525 886
1186 1881 767
1312 1971 513
1333 311 603
1237 1278 38
1008 1349 711
1728 2130 538
2036 2310 832
34 1639 748
1771 931 955
514 157 313
849 358 464
1630 104 71
2003 2009 49
2259 458 456
1008 1485 114
1031 1859 252
1473 929 204
1669 1654 596
2011 1583 679
79 1873 301
1910 1572 902
1916 53 549
2203 379 690
59 391 641
1349 615 413
1713 808 805
1977 1574 733
2097 1518 627
1352 233 172
1644 227 260
992 1019 701
629 215 306
1548 1933 408
1686 180 356
1435 574 343
1961 1422 379
1434 1357 253
1303 1698 203
307 780 836
1194 430 4
807 1431 181
1211 1290 428
1796 530 323
1259 494 545
1414 2175 941
1914 1440 47
2092 825 658
798 2003 895
1287 155 691
950 1001 71
1421 1729 324
54 776 360
1738 13 472
71 765 442
1343 262 161
1172 1805 79
385 1242 137
317 1636 330
1812 1696 797
1873 1501 572
27 1571 962
33 1609 159
2105 2064 378
442 1303 197
1302 532 504
1851 273 273
2100 1273 559
1338 1640 666
26 1413 185
743 856 317
1009 1086 71
1749 1919 652
1208 2310 209
1907 646 0
2261 645 784
1364 901 66
11 2105 906
789 208 911
1521 1301 137
1901 2054 311
1732 2158 94
395 431 369
836 85 135
1130 994 480
2112 775 506
780 1738 865
461 1529 59
2119 1007 267
943 1429 721
1654 1749 495
2003 445 870
2136 1574 388
1792 1692 143
120 261 79
2256 670 787
610 2296 248
2312 2128 262
1428 1146 402
933 1451 755
1077 1676 637
937 683 318
1283 1479 512
1752 953 565
1002 801 361
1100 319 338
1144 1404 716
494 1674 676
573 1007 853
2144 1240 2
546 1184 789
1247 2137 338
2126 2207 612
1991 1378 787
1604 777 799
1658 1395 285
540 874 846
704 554 420
2290 1379 392
1023 2032 903
1720 531 546
1575 1173 466
2027 1693 11
1420 2261 397
1604 2122 712
1370 540 83
615 543 984
1979 821 943
1624 1391 878
704 482 570
1185 331 43
1267 1114 883
1357 317 288
1971 1492 63
717 1507 1
1813 1011 884
58 834 99
1939 216 481
1877 1485 363
1437 555 877
806 897 63
1828 1104 361
2107 1487 231
258 2219 881
1053 907 612
1778 2193 752
536 1594 653
650 597 363
90 1058 755
721 1892 500
656 1661 893
825 98 273
1388 629 187
248 768 604
1375 2206 741
35 1641 692
920 638 192
1961 286 511
1871 1481 12
1666 1383 626
205 1537 276
29 1960 969
758 1116 862
636 494 402
1497 2083 431
1026 1472 624
938 1439 239
623 467 806
879 1302 479
840 2054 389
459 405 81
2055 1191 676
683 957 417
581 263 92
501 472 106
482 1912 765
395 1874 958
116 563 361
873 2217 837
1434 1646 890
2193 484 643
1333 2260 517
157 2060 72
2241 1276 420
1931 796 257
2265 334 743
287 923 576
1654 1685 694
1663 44 592
2291 24 368
2173 250 277
50 1848 667
214 387 999
1094 1440 213
2019 619 821
1765 309 824
729 2020 278
1471 135 447
1147 1229 394
1525 1784 150
865 1750 427
13 1443 365
275 388 572
1705 1911 200
324 68 326
1431 1374 678
892 1678 707
862 1429 988
1186 158 728
717 1488 201
693 1932 467
1789 113 79
1684 1320 249
2275 1425 69
1815 2241 966
2019 1115 434
697 1343 485
1516 243 853
928 1341 273
522 1415 879
1770 1902 547
453 1302 406
397 627 149
415 457 632
115 910 482
1417 389 816
1048 1823 339
1434 2201 374
1279 1654 567
1877 954 186
1330 1296 705
1225 1756 444
163 1024 345
170 1090 181
705 1650 925
473 831 190
640 1039 33
198 766 39
999 367 602
1478 2167 343
376 1950 791
1693 2187 387
105 1101 292
2287 1714 620
216 470 589
1773 2075 698
935 209 826
1522 1714 574
1550 832 913
973 846 60
563 974 4
1637 592 244
849 622 210
2258 2299 782
1078 2262 215
26 1023 589
1021 42 465
491 1313 726
453 1732 430
2262 999 897
572 1880 882
1419 604 663
175 1339 777
2010 1532 534
1972 1246 979
280 81 150
85 1640 619
1128 1217 800
1591 1187 506
109 579 683
743 1243 359
2015 1988 968
1458 227 880
1786 203 713
2131 1450 650
2096 1597 975
2087 540 245
1136 1510 213
1047 1907 432
1159 23 977
233 492 477
1703 1231 425
2217 454 39
1442 142 843
338 566 520
1343 881 453
1679 1424 337
411 1373 342
249 862 242
966 496 733
1395 1710 387
1300 1709 615
189 584 536
209 866 875
1468 1431 907
604 1869 506
567 2248 339
2183 606 491
820 2280 751
721 2092 600
908 2269 236
1608 418 387
1027 1173 861
2023 2298 61
1125 1556 702
940 1785 223
1071 1194 936
1838 2158 851
844 511 242
2011 944 233
25 116 193
1661 1144 501
1551 1686 187
545 660 313
678 294 674
776 1937 6
1409 1057 602
2033 1709 812
492 519 669
1957 1558 682
471 1989 590
1795 193 24
1579 1760 907
1879 667 367
826 2132 666
1627 1811 592
1981 193 314
1277 2260 681
2196 1338 615
2262 107 459
1199 1280 261
1442 2211 812
666 19 476
1931 964 835
683 1437 125
1602 1142 622
242 25 130
1352 878 875
1518 2165 49
956 1517 706
1514 721 194
911 2015 783
2307 97 270
1719 381 674
2287 1169 48
286 272 42
1144 296 286
1705 1022 985
628 1650 328
289 1643 949
151 1516 969
1688 2292 151
1696 380 578
356 339 108
2290 2163 957
272 1586 38
422 1375 840
242 912 67
2271 2151 522
1815 634 203
1974 897 804
828 2159 819
538 236 625
67 1951 350
1000 2090 751
1251 660 181
2241 113 33
1322 1975 720
1842 1384 946
99 2239 378
261 471 893
845 1757 258
2011 165 791
515 559 265
1687 411 10
1028 387 856
482 701 33
50 372 627
296 267 521
45 501 640
978 1651 743
2208 2082 963
851 344 495
428 412 946
836 719 851
643 1882 311
985 2 275
1072 106 137
760 102 763
1906 415 735
1044 1685 358
1876 136 782
273 426 361
120 60 552
552 1202 333
1310 1883 442
2113 1625 538
319 1884 4
976 711 981
251 581 96
87 179 319
2048 1510 249
618 848 190
1212 543 449
984 347 763
1337 958 11
1133 1519 813
546 805 617
465 148 432
986 2132 769
2034 2052 355
1317 2219 864
1996 993 343
1435 226 200
444 1029 198
986 2277 987
1270 496 143
830 555 229
1754 2285 907
1529 1159 332
101 727 522
984 331 110
72 400 148
784 1099 352
2073 1997 168
1680 1874 735
2139 2181 363
174 2257 221
592 1755 615
547 1627 279
1195 1604 547
1955 584 319
2253 1901 202
1986 907 262
2281 370 666
408 804 82
661 673 255
2248 1071 607
455 1081 221
36 1485 766
1044 1194 971
1735 1725 583
651 1052 428
421 1632 198
375 1054 231
1928 988 100
904 860 423
379 2263 163
1969 139 217
659 765 732
438 1819 295
2312 694 481
121 932 129
1077 46 521
648 1594 524
61 272 411
1925 1459 388
1869 901 419
491 370 211
315 1190 357
1805 745 144
1400 334 777
38 2124 813
1038 2048 980
1360 860 983
2107 721 526
1540 751 501
232 1222 419
174 859 89
683 1017 798
1986 1283 431
1167 1310 603
2191 753 979
264 976 570
2298 1932 748
2045 1255 693
1754 1134 674
91 454 412
1005 2191 467
1030 1383 151
822 21 755
1450 1403 799
1161 1133 637
1163 402 558
1042 372 755
1380 1768 676
115 2165 513
1788 278 342
1541 372 95
1669 52 19
432 2040 512
2117 1197 730
2289 1558 743
433 1544 780
1580 1661 879
529 2266 860
589 1691 721
1599 673 467
859 260 781
1412 1620 699
1239 813 469
2154 1038 585
1138 1727 694
1864 269 436
713 304 931
1991 689 856
685 167 363
790 512 393
1809 1286 340
1402 567 578
1571 275 387
84 871 189
744 1246 323
595 1215 588
1763 732 561
928 164 656
1290 572 387
1238 1245 833
1961 1888 883
16 505 330
1457 1630 864
893 388 990
1922 603 434
766 292 497
1622 1418 591
1538 1890 360
167 1270 928
2236 214 961
1041 1384 432
8 2068 424
2033 36 229
549 1603 540
2036 1478 574
337 1415 307
1349 1255 81
2177 526 236
2151 1964 914
2197 1807 100
295 415 653
1389 177 466
1796 2269 998
293 1340 638
1352 1036 8
1030 1958 807
1050 774 444
753 808 82
1538 1373 133
145 91 923
686 372 12
293 368 135
2157 1677 918
1660 1914 847
1241 930 142
1547 1412 427
1832 1021 149
384 1259 123
10 38 890
2241 631 484
2244 2310 215
540 1745 210
1841 7 196
1978 725 157
2076 1509 728
2135 1384 673
1612 1240 327
416 250 653
1586 1711 742
1797 265 159
628 2288 419
628 1363 601
1452 1577 270
288 211 697
938 1053 883
620 1355 280
444 214 120
822 1846 33
703 6 688
2074 1385 356
126 2097 394
1016 2108 306
2266 1659 342
1467 1943 423
1228 120 125
1331 433 488
83 2168 502
2228 1930 554
2310 516 210
521 196 85
385 225 179
2173 479 965
291 1440 978
450 1048 223
480 831 782
133 251 486
2281 850 328
1416 2178 817
1793 1979 484
2128 999 272
987 1247 60
2131 1377 627
1747 1909 949
1483 563 758
1044 2255 359
1366 991 534
1169 1900 339
1831 1874 868
599 822 990
1608 1945 871
1449 1233 510
380 161 49
1093 125 824
1178 829 679
1567 607 208
2245 2150 200
1139 1792 718
1056 1927 384
2249 2276 795
266 1332 615
1945 1332 666
1559 1380 714
2037 599 604
109 834 770
1074 968 582
1248 987 132
1790 457 764
52 896 134
1069 1828 803
1503 2294 726
2301 715 537
1178 1054 552
1083 336 732
1771 786 172
185 542 104
757 35 397
1135 41 929
1515 546 482
220 2120 2
1651 1295 435
930 880 150
764 35 556
2018 1153 385
1832 1210 72
777 390 339
1381 2094 25
1052 524 343
1589 2243 94
1546 1199 438
2314 1734 80
1820 1260 509
2072 1341 801
1635 884 249
516 1442 386
1402 390 167
243 79 388
830 683 708
886 882 817
1273 646 803
477 1772 784
174 1185 929
840 1973 139
1863 658 3
2215 2095 693
2306 1256 763
2111 1669 67
1177 2201 95
1532 223 116
1880 2261 72
2151 121 478
730 2205 415
1611 1216 570
210 1487 761
1223 1133 538
835 1287 542
1786 1859 7
1191 1452 632
2048 1375 19
2217 809 650
1164 1634 24
142 1298 607
1304 939 421
1833 1702 238
1312 706 499
1076 529 98
1769 1492 278
966 120 564
876 1524 618
1872 1897 198
2183 2241 253
2037 1541 373
413 449 863
1083 237 671
1265 1659 509
1288 1790 517
2031 525 848
356 1673 954
1924 1075 556
830 2269 85
70 1689 118
1779 1076 551
955 2296 691
463 608 825
1747 1025 461
1886 1343 448
946 2214 118
1721 2112 708
177 365 614
220 1942 528
381 1078 847
361 2022 170
550 2044 289
258 822 880
545 1775 781
2027 138 249
1369 1473 617
226 577 344
1158 1616 855
1083 2137 650
2084 1093 338
1153 1014 427
224 907 986
702 35 250
1303 1285 146
1679 1631 328
1683 2013 806
1897 765 396
1999 352 313
73 470 162
1293 1024 936
1822 1084 941
585 1966 125
1386 1264 504
1666 1364 147
891 430 756
861 1880 83
1196 2010 577
1676 647 654
930 1207 165
1894 1940 449
1338 958 278
140 767 211
1321 2069 263
1052 2070 443
965 1691 277
473 872 245
1045 541 771
1804 1672 976
607 1585 291
743 1056 289
1619 1122 293
68 1276 674
903 481 501
2260 1240 750
1877 405 229
1829 501 276
1374 396 749
1685 993 805
1496 1121 94
1406 504 247
163 1298 375
235 1951 154
511 284 716
472 905 574
1751 1616 431
2290 1779 504
1865 2103 540
24 670 160
2285 947 223
1596 500 641
2149 1745 663
1897 816 370
534 2143 111
18 1359 183
1609 1436 741
1527 869 762
2016 493 900
600 1681 70
89 23 828
758 29 808
2307 2188 413
561 430 147
2190 1151 962
278 312 577
409 1461 431
2053 1440 965
729 318 991
1251 1492 727
1452 1332 511
1510 1193 729
1689 1154 198
414 2279 982
2020 1280 377
1876 713 488
1721 388 978
1765 124 877
1762 891 744
232 2291 172
82 988 652
1273 1338 424
2185 845 778
117 344 383
660 1940 424
2224 2298 318
1121 1854 541
1174 822 670
2228 1404 534
155 858 676
1469 1269 630
1182 404 315
909 34 859
126 2159 549
1847 1022 553
1599 1957 658
848 964 407
16 1313 730
980 1488 90
1072 1602 817
408 1474 423
1654 291 740
467 895 151
190 108 367
727 879 154
2290 391 142
1073 1554 672
894 1026 513
1103 331 50
974 1964 411
778 816 961
1270 1660 295
2232 1116 921
985 959 259
1882 781 763
949 381 154
27 589 513
1725 1112 635
1088 507 298
942 2160 774
2285 748 873
2294 289 346
757 1798 822
1117 1090 45
1893 2313 970
1550 1030 489
1494 32 526
282 1364 160
2018 2009 30
607 305 772
1171 1024 277
2120 644 867
1504 968 340
1521 833 748
345 1348 456
1815 1639 782
144 2254 286
463 1863 967
2190 301 188
2316 1439 362
2293 755 513
2060 1139 244
2277 1040 22
587 2236 450
501 1175 425
1658 847 187
137 956 658
919 235 562
869 432 655
1335 1698 503
1654 458 293
55 205 153
1555 1751 133
1458 99 902
663 1014 371
1345 2313 227
2088 1697 647
1062 1423 565
1157 1223 898
505 1306 903
1587 1491 935
712 1228 611
1940 1891 358
1447 148 634
1395 1384 1000
1373 1323 383
271 700 988
1938 1447 601
256 1575 138
2100 1139 366
2056 1692 416
1196 1118 209
535 2279 791
544 1962 858
1074 1771 780
881 1154 66
2178 1480 703
224 903 384
1953 1997 767
1799 1300 254
1288 1340 499
328 16 525
1739 790 513
1627 1262 898
1969 74 883
1833 2102 285
360 1388 167
1725 1326 694
473 1950 422
143 2063 460
368 465 90
55 1196 698
393 1008 319
833 1512 416
1490 2189 92
150 883 837
1960 561 801
252 1000 438
257 460 650
240 1455 510
1045 1747 643
2205 1010 157
1946 2182 654
240 1104 218
1626 1430 798
1573 2094 163
1740 627 927
1101 745 64
1456 1937 497
1334 457 501
2157 1157 844
67 1971 85
61 1181 615
1762 235 937
2163 881 152
1184 479 912
1388 1077 933
493 503 632
679 1449 97
267 308 723
1887 198 748
454 312 170
489 1360 551
950 1307 692
824 749 220
1981 1600 357
351 158 629
1443 1861 174
2081 1771 703
1847 987 376
288 1931 567
376 346 966
546 1525 489
5 461 847
1416 1881 468
1422 555 792
290 10 213
140 1050 741
2169 257 663
1262 72 773
1018 870 444
744 2183 995
2242 1161 484
745 260 768
1364 1892 234
1157 324 135
736 2051 775
986 1976 127
2171 1848 7
442 1343 141
2195 1162 957
1149 2264 717
405 607 352
1446 722 37
905 81 437
400 213 606
948 1693 988
2098 1549 388
781 314 605
1582 2266 354
826 282 733
403 223 793
407 498 401
372 1045 815
1790 1410 689
1217 1644 803
741 429 445
26 1282 45
747 2046 125
1905 1787 39
1038 1129 591
1900 28 599
347 911 198
2114 1238 408
1882 2256 873
1370 1596 458
1044 1664 123
650 776 911
1829 1196 788
1038 1833 522
1982 710 233
151 698 914
1994 78 310
742 1403 963
289 224 844
1434 839 547
1205 1722 17
1694 1092 455
1956 430 744
1006 1376 6
299 359 587
1510 1739 471
1614 891 789
1382 1713 12
369 270 576
503 858 774
772 2110 110
173 79 429
2132 927 572
296 1173 110
1372 1840 376
285 1371 380
1122 1842 366
2238 1622 728
1466 1493 14
1053 414 561
178 444 69
1582 2049 53
68 302 627
451 1659 320
2268 1678 196
449 796 518
492 2048 983
1896 730 28
913 1956 149
328 889 901
1003 1200 616
1448 379 39
1387 65 298
2082 524 95
666 590 185
2276 796 386
125 1010 231
1283 833 677
1986 2094 512
2243 1759 374
411 1084 551
1069 1101 794
727 936 223
1350 1586 348
169 1622 338
1679 835 626
1625 25 768
1481 2099 695
1489 1196 696
910 247 786
822 1085 386
1941 2215 985
1103 598 782
865 244 687
1454 1574 803
141 392 119
672 49 975
1910 823 882
1411 2216 808
725 860 435
164 1891 38
2262 136 653
2208 2187 971
361 1422 586
1709 882 538
782 256 613
865 2166 352
2131 1011 35
2186 1064 547
1184 657 660
660 1440 195
1267 1126 692
1830 1204 895
1169 932 353
14 2050 306
885 1156 756
2002 623 915
1773 721 818
83 768 245
919 1211 790
2024 445 40
813 277 486
2254 375 713
796 771 397
144 1487 940
1013 191 120
1040 2153 5
648 2204 645
2011 1307 587
2162 24 60
57 1540 452
931 847 273
1575 1828 784
2114 2300 280
710 2226 374
1547 222 225
866 996 360
41 109 871
555 1007 399
116 1404 48
773 332 723
1845 1021 73
128 1968 947
742 1509 383
652 849 12
137 2234 798
1089 402 103
347 361 844
1241 2139 721
87 1971 639
1126 552 295
78 529 945
349 2238 958
1671 665 698
1888 522 782
705 1395 609
1571 1398 345
398 598 804
380 170 440
1088 306 834
2049 2019 996
1056 2140 403
2115 671 800
187 55 631
1401 348 423
1338 1205 30
647 1041 987
986 1251 827
528 1565 785
551 874 175
563 399 371
282 461 578
1300 1422 71
2134 2098 195
670 1442 389
1245 784 783
1842 932 689
1252 243 995
1085 1561 825
708 301 808
1227 2124 253
1177 872 684
1630 1954 236
1428 1523 40
1269 1749 109
1674 2181 360
260 282 859
2032 453 998
1986 1541 468
1350 757 18
1695 46 274
1139 768 214
1255 1937 633
1682 1125 963
225 400 237
2292 1322 416
2185 1451 311
800 2037 745
1447 1522 651
688 1910 841
872 246 908
165 285 454
2023 1198 373
2270 585 418
512 1976 778
37 2042 103
1007 1346 161
1911 1400 884
2051 1282 365
2179 1530 957
1250 1429 40
700 838 498
617 1121 139
1348 1749 63
2169 958 566
1870 1580 530
1744 57 604
1735 1114 14
240 764 331
33 880 457
752 1829 599
99 449 750
152 1593 368
415 1937 543
1171 615 763
869 315 564
1365 1597 796
757 2122 614
910 725 327
564 15 800
832 2035 826
1598 848 810
1518 816 91
332 120 905
1159 1246 419
376 578 162
1975 540 647
2147 240 844
2157 2110 441
1559 891 193
2180 539 461
896 1944 956
1790 585 612
1364 196 960
1391 2133 258
1819 460 830
536 2312 436
650 804 947
2131 642 904
1409 1256 639
1043 1483 152
246 2128 215
1016 157 283
2104 1635 251
806 1265 652
2150 2034 610
1875 623 566
598 2299 853
2194 2226 304
993 1128 812
775 440 27
800 1406 97
1311 454 823
1942 1906 260
1367 313 408
1374 2298 822
2069 396 50
902 1041 389
1125 1800 335
179 1642 203
2010 1956 961
253 1252 991
1773 169 789
1797 720 377
82 2069 22
1841 1911 971
1510 1987 782
1277 1856 402
295 2002 527
564 1771 378
2287 1949 652
2203 2012 106
572 1474 825
2083 119 804
1606 646 527
187 1106 205
873 81 239
1186 621 57
397 203 576
1346 248 661
1398 1406 992
447 1616 109
250 1534 646
897 616 243
1838 1758 485
1725 2156 722
1062 297 914
1121 62 787
1694 1507 155
2099 1454 667
1770 803 898
1458 1725 881
1330 1248 957
1689 1968 323
569 1458 302
1911 1273 859
33 2297 121
807 847 373
88 1977 548
514 236 831
1695 2121 72
1488 919 55
1400 2050 214
994 371 280
800 36 911
425 1182 961
1226 55 321
896 1505 927
89 1080 966
1133 2039 134
324 1114 705
1716 702 621
413 1156 476
1973 1336 75
2129 1539 883
1320 1346 951
39 752 299
1673 1133 796
1550 2235 988
1021 31 920
1693 966 163
1265 1016 593
2158 76 73
2252 50 449
808 798 990
1424 93 713
393 1704 556
1148 830 282
172 282 880
651 570 391
408 412 350
555 1550 7
1301 324 951
747 509 623
839 2012 25
1179 537 67
1707 664 81
1553 839 638
1385 1812 56
1056 816 838
1896 1219 916
1436 1551 718
926 499 518
651 2294 206
848 2123 497
1549 263 155
1602 64 55
10 2079 348
985 1801 473
1722 1245 547
668 958 414
797 1193 816
938 231 146
1122 210 816
1969 1264 633
14 1638 786
784 774 322
1486 1216 852
2063 1489 230
1488 1059 180
462 1893 312
1119 1058 192
649 1400 742
1056 2129 930
1131 822 490
1879 629 986
1928 880 457
1851 884 165
912 2260 724
1539 251 572
2263 762 807
863 2001 539
1086 192 581
536 471 668
2231 1077 833
273 1822 231
1118 71 584
1983 705 400
1817 2314 512
343 1119 607
555 1107 244
1416 1623 706
1640 1702 110
688 1208 924
223 2278 451
1974 162 843
820 518 214
1697 749 260
245 1735 109
2285 733 824
1774 482 258
935 1336 754
317 2101 517
281 2087 274
1289 96 867
128 789 598
63 1230 530
2137 1411 889
1439 1706 454
1292 539 292
147 2312 127
2152 1161 891
1381 738 455
1772 1397 325
793 999 82
818 673 675
2293 873 59
1735 841 666
1939 1855 183
69 650 940
597 1104 653
741 1770 911
1994 494 890
1541 8 745
1937 1417 915
714 1612 438
567 1540 951
1668 914 410
1058 54 721
270 1797 425
2268 707 136
439 1072 899
1933 1616 931
486 1401 985
490 884 783
1684 1954 18
557 1163 177
239 1669 379
486 2268 382
1983 1532 74
2239 125 799
505 811 483
1327 1185 835
2182 985 12
643 2234 552
1373 205 669
893 646 217
1127 762 442
266 1630 227
1340 2260 858
1335 642 117
876 2087 368
904 1829 968
248 502 244
912 565 246
147 2183 162
2313 930 221
1753 1042 17
667 2119 465
1040 1002 336
409 1653 493
602 1799 554
543 2140 44
1522 2102 418
1809 1605 163
717 1994 864
1937 367 290
1922 1850 216
1551 2070 975
1972 2060 620
64 1151 241
2108 245 605
2044 1311 859
2268 823 567
1205 2072 29
1720 1096 255
92 1374 429
1655 1831 852
1659 259 412
974 1628 473
715 1478 252
2174 1720 785
743 997 46
708 521 385
1232 1287 193
574 618 897
1774 329 338
503 722 213
662 677 343
1662 1730 384
226 1303 903
1777 1261 474
2140 1018 611
2175 866 891
1357 1602 632
2164 987 241
1808 1669 7
2044 1947 755
2131 508 391
2188 1070 24
1570 699 977
487 321 864
1898 1652 709
988 1081 608
1931 1907 150
1929 252 900
33 369 303
2118 1380 465
1865 388 102
1592 706 498
2302 22 558
2310 1586 550
2269 702 690
2097 1480 724
1267 1636 496
2181 2176 422
1910 803 526
1293 2151 473
851 874 857
1784 1307 664
27 1969 867
948 510 834
1800 240 285
2124 664 30
1462 380 813
929 2201 642
2059 1927 563
118 418 758
1521 786 183
1263 1989 309
2139 1545 262
2316 1006 645
946 1969 316
239 1871 847
2026 574 234
805 689 745
1537 1671 97
2148 508 974
1249 431 799
1955 1560 489
1382 371 469
80 1175 891
1773 1420 639
1985 2054 910
1563 1907 568
1255 656 586
1759 1462 125
1488 2181 716
184 179 406
719 763 839
2240 398 717
1956 1428 419
455 882 428
1311 1337 274
671 1196 133
316 851 629
282 384 737
239 932 660
2243 143 664
1150 469 597
1688 205 17
1861 1448 999
423 1732 204
476 2154 90
1359 1664 368
2150 435 375
1147 1803 174
2143 324 692
965 848 963
2181 2229 678
1312 1780 931
2168 81 678
2040 1399 733
234 41 478
1533 1639 685
467 1057 76
1582 60 191
1978 1124 126
330 391 919
1848 823 677
2017 2179 128
1848 68 149
970 130 991
1496 2195 194
1623 121 797
314 2216 298
2083 1966 818
1675 477 497
1526 707 992
1447 2168 804
1547 1036 252
938 1690 554
2047 1565 747
194 252 59
483 2271 338
119 1246 222
1856 815 354
916 1106 1000
2193 424 622
1608 1500 554
386 1089 1000
1573 469 233
693 2164 940
781 1571 273
2155 2175 91
1816 166 199
381 65 875
2122 992 216
1818 374 656
111 1132 222
1713 357 998
1537 1967 300
1667 1456 257
2197 35 154
1967 202 472
333 2072 908
613 2226 273
2118 190 425
1620 2288 387
2230 326 592
855 378 183
955 1428 688
1613 1510 388
1393 75 923
1873 342 859
2223 2155 521
1163 1235 144
992 435 682
177 951 457
1949 568 842
1976 1615 113
2215 903 239
812 248 283
642 276 271
1403 1231 976
1672 388 797
2112 1034 650
1005 2181 187
1141 621 434
1334 1394 412
779 1704 990
210 261 382
1331 1190 374
695 2129 865
230 1622 666
2176 301 967
1752 1049 851
724 2070 873
1603 1784 305
2260 466 326
1224 1455 648
1658 951 917
150 1174 834
540 1379 223
1977 41 298
1120 1591 736
132 2130 700
1364 236 106
1014 653 692
954 270 807
1896 2248 892
110 1738 653
2308 71 789
948 2210 241
578 340 429
1437 879 930
725 453 924
838 195 171
425 385 262
1543 2289 365
1818 5 54
1001 2283 833
910 563 465
2069 1692 888
1055 1195 294
2101 2235 738
2272 227 790
1482 1633 139
1247 1297 729
1647 529 60
542 2084 129
653 1964 675
614 308 216
710 929 869
97 2273 179
1934 887 179
1331 718 468
30 2124 577
1979 111 14
1352 1250 600
1729 783 335
248 1014 744
1598 2052 145
1361 1063 579
914 1136 736
521 392 202
2031 2158 439
1013 481 810
2218 1371 461
115 563 9
1424 2099 281
755 530 451
2048 1106 620
338 281 56
653 1914 446
1918 1257 28
341 887 73
1089 776 533
809 26 393
1011 162 390
1041 1971 283
172 1839 505
829 1445 732
1533 1370 342
609 1629 962
2252 111 405
1 986 977
1828 300 354
1429 2206 314
1338 1446 822
795 370 293
1162 1451 1
1234 340 552
1586 1531 462
1967 1575 881
1093 1401 428
1415 589 601
585 158 325
238 86 200
2265 920 778
2126 45 335
2305 1439 962
1058 1416 839
893 1107 76
1805 2279 34
1762 700 757
1112 1000 149
758 209 419
1102 127 890
1878 920 331
244 1045 221
2213 2023 111
1292 1908 716
2139 2273 94
2100 228 406
1539 2285 576
1124 1048 20
104 640 549
1679 1831 133
1401 137 218
354 946 736
2085 215 194
1265 354 86
2159 1852 478
176 427 231
69 2245 831
1721 919 917
721 897 749
447 2026 150
785 768 298
52 1844 392
997 1730 133
230 815 121
1501 53 576
262 838 583
1746 1338 75
544 301 89
1286 541 235
1948 1770 318
756 97 221
2170 96 857
2271 124 724
1450 1346 769
165 192 809
475 2076 377
1829 424 967
2149 1568 676
386 15 298
1495 715 213
1971 1192 80
826 1478 198
2142 1424 717
974 128 787
2115 368 981
1662 64 639
1593 1830 619
1087 1080 902
563 604 404
1210 1463 746
215 79 795
246 2307 616
1631 200 279
422 296 714
1105 2287 964
537 87 905
641 1 706
1495 127 613
958 1014 658
1716 1421 12
1464 726 153
282 854 876
1076 206 110
1861 603 886
34 762 645
1372 1137 196
233 702 374
1996 2176 86
448 921 383
1081 170 889
806 333 98
1711 72 209
2073 2092 965
699 2244 246
864 1801 484
2142 816 830
2242 2014 345
1296 1741 550
2238 2028 373
631 1313 962
1262 1261 399
517 477 470
1497 506 695
61 1318 959
1701 1803 639
2240 1122 737
756 1369 575
1576 1991 616
723 111 586
463 1277 478
2065 950 826
1565 526 350
1404 1881 822
1054 1754 461
6 1448 117
1858 1585 514
751 1326 605
1891 154 742
844 2191 683
1401 482 61
759 1142 155
999 2212 135
2045 165 723
603 1955 801
793 1075 455
1719 660 436
529 1026 555
327 1345 411
3 644 340
870 996 804
257 2144 276
1411 449 605
2240 1632 455
1360 384 130
1797 1385 962
1469 112 366
27 975 796
1881 2000 185
319 2118 411
1818 433 220
1839 1485 323
2026 2015 301
956 1381 890
2259 1908 303
1086 681 598
1590 183 648
1016 2250 926
199 628 525
963 460 105
1412 107 533
1507 1375 154
891 1701 757
2012 1324 151
1958 1503 782
753 666 299
417 1848 251
522 957 701
1140 1389 7
1525 208 319
852 2137 586
1093 966 996
1873 1487 598
1806 1578 221
570 258 723
545 1813 393
285 1062 241
2117 1319 504
36 1806 685
641 1011 13
2269 1952 305
2079 2192 849
600 1851 374
639 1912 772
642 1578 918
936 835 729
1425 2264 976
1441 1092 104
1423 1490 226
1321 1953 779
1005 2297 70
791 611 180
483 1121 289
1131 1501 133
587 1528 681
1722 2076 976
2263 1 756
583 437 556
231 1490 689
329 1735 290
40 1720 337
1884 1698 404
150 564 464
987 1944 664
1926 2210 980
1170 902 394
100 508 296
134 445 444
1396 1443 646
724 617 139
268 1617 812
1193 965 351
1777 1897 20
1132 1640 542
113 609 140
813 1211 192
1126 1718 323
162 126 138
1539 2216 355
573 984 381
1225 1446 550
926 32 600
1381 1604 185
745 1617 0
410 2134 237
40 969 326
488 1933 973
1123 432 847
997 1099 420
893 1715 961
342 2285 754
896 406 342
787 381 664
990 1693 555
612 1491 400
1342 1858 927
1583 2224 908
1415 2181 306
1523 722 560
375 1431 835
77 2268 503
1294 2175 271
832 1626 232
2013 1765 888
1588 1736 952
489 1178 782
1958 1431 797
1823 607 0
1915 683 315
1930 2153 885
2102 312 150
947 2046 195
1493 659 151
2103 1965 647
2150 91 152
1906 601 668
499 697 942
1496 770 895
1761 1189 791
349 752 477
333 1177 300
1131 1409 75
20 1301 959
2134 1690 700
789 680 368
802 2110 406
587 364 618
1888 1764 423
1537 1690 635
2110 1955 89
223 155 691
1864 600 161
573 697 329
896 1989 71
791 753 886
1573 960 652
2270 811 811
1065 56 244
2158 1064 951
438 1527 786
793 678 713
1280 2245 209
881 471 62
2144 2089 902
469 1586 133
1267 1503 770
1480 1311 497
116 177 889
1572 1571 875
1348 677 840
2197 794 841
829 1354 890
2284 111 964
1700 1242 396
1736 1656 469
652 135 490
2227 436 843
181 594 805
1213 1034 366
2310 1405 436
437 1029 34
257 946 30
2033 736 26
962 47 318
1254 1429 757
2044 1534 726
1235 254 936
2052 417 168
716 773 184
824 1875 978
1926 1993 658
1430 191 651
130 1601 725
779 965 252
808 202 84
552 368 27
1798 2059 596
1748 496 370
653 694 322
589 501 918
441 189 637
2002 918 111
1780 2074 670
343 2309 454
1550 87 279
1809 2191 833
957 923 20
1053 2261 180
354 1197 841
2069 887 175
1342 1120 812
1955 1259 43
76 243 29
2134 1182 996
198 2091 141
1561 486 150
1049 472 492
853 40 66
323 227 509
2096 805 589
1022 192 575
2059 886 971
641 584 787
501 1671 89
2162 714 676
1342 1325 907
801 849 807
2252 917 171
1928 1620 641
969 1551 667
1907 1467 389
354 1000 407
1476 362 16
1234 103 432
1432 126 882
515 2095 542
771 484 519
172 1848 958
175 367 241
1477 1410 9
1317 1987 485
1300 1324 233
2286 2262 758
1443 2285 989
214 2171 839
1627 64 755
1187 1254 136
1778 66 716
983 581 780
363 1173 913
1394 152 658
701 1217 134
71 1863 60
368 914 13
2251 1755 347
977 142 214
1413 172 769
1115 1025 473
1819 268 970
537 1601 709
1660 138 103
1426 1294 891
341 157 561
1287 261 856
1185 67 52
1047 53 109
1844 1751 548
2299 33 557
2285 747 831
764 1069 387
407 809 410
822 1982 684
341 1684 211
2314 1834 373
1619 1052 606
98 934 401
1349 863 744
202 1837 351
797 564 491
2124 788 583
137 1146 331
1631 1480 975
437 1541 18
1342 1261 467
533 723 181
679 1345 869
2211 932 892
566 32 153
1103 1791 739
549 1304 308
1452 1730 716
884 645 547
2142 356 28
1933 717 359
520 322 527
1584 1363 660
1308 1736 1000
1659 932 965
2169 2062 81
1024 637 669
839 1581 264
1796 1600 324
1460 1145 854
82 130 476
1269 1656 321
1309 57 409
63 1133 994
149 1460 274
821 2171 541
1685 589 351
1501 51 161
213 289 361
1039 2286 756
350 334 592
253 844 784
1203 1057 869
1318 820 205
765 2118 803
1816 1590 250
37 179 941
1461 1935 768
728 1674 579
547 2195 602
944 1931 493
1563 1933 666
712 1074 833
1768 1813 417
1490 922 608
2053 242 525
674 982 703
2166 2027 392
923 561 732
646 1801 875
1361 655 899
1648 436 327
2168 698 180
2222 2195 523
861 876 545
443 1326 954
1743 1696 603
780 99 915
295 1315 899
1409 135 587
285 654 340
1316 566 489
1905 457 610
902 1680 997
1648 657 890
1356 201 573
1033 2258 52
2007 818 504
1375 627 881
2209 1276 809
223 1312 672
1301 1248 657
578 967 156
1092 2265 549
1055 1496 193
1168 927 567
792 2200 233
921 1050 326
484 592 76
947 1472 394
81 392 371
653 1930 985
1915 486 97
1548 1913 259
1376 401 719
708 2015 820
563 2283 510
382 857 800
9 1352 993
1773 733 551
1850 22 814
2266 133 625
20 2293 89
1186 1075 284
915 910 727
1209 1970 383
85 1574 685
316 292 223
1774 499 888
683 249 91
954 1139 409
1514 1000 99
2045 1673 494
1480 1034 331
815 824 462
1372 1134 146
2012 997 222
2105 1616 668
266 219 382
1039 70 702
1351 1311 429
149 365 572
489 810 19
872 2265 865
1674 1139 685
1276 1685 290
1606 906 846
1295 856 255
2297 2206 111
1785 2035 545
1905 1301 656
1684 1275 561
1924 2016 673
2272 757 613
1949 1823 923
447 2127 631
1025 2129 570
1931 2038 921
538 1789 437
1728 1212 116
1874 1843 529
384 761 876
1292 354 172
1277 874 236
1873 739 337
2165 695 744
627 813 117
1316 1906 595
1393 413 849
1118 935 747
1814 616 756
2296 1775 951
2218 1079 199
277 459 559
1404 928 954
2225 1077 305
483 340 146
1964 1802 167
46 1702 452
2231 766 38
595 1254 705
969 1495 344
815 1260 543
1301 574 129
76 44 567
226 1230 511
1795 1310 959
408 1289 331
1775 901 248
973 1332 406
1813 1359 437
2008 546 554
2044 1990 438
2168 710 322
106 1806 597
2264 1185 166
1530 2010 261
1409 1498 905
1508 1467 247
953 54 126
1539 595 652
1762 1462 241
1141 1704 399
1586 1730 70
1698 2098 364
1192 2164 524
1062 1079 287
1080 1251 735
1426 1829 881
1044 185 235
1016 217 402
433 1113 948
629 588 786
665 239 334
2064 1382 279
584 1659 936
828 262 211
2063 1207 497
330 1923 802
1290 94 175
750 1557 250
308 187 450
1381 83 202
2172 799 399
342 300 642
1689 2213 207
2023 1469 350
1846 1028 24
658 1188 635
817 2213 871
1799 1404 615
2316 626 506
2009 502 185
2217 920 907
20 1630 231
1639 320 908
1423 436 221
50 1487 546
838 1511 590
1804 2207 424
2104 10 636
910 147 94
909 1032 842
1068 1798 548
240 1684 773
1052 58 24
706 1305 421
231 1090 303
520 1295 90
347 2207 80
465 319 629
54 1668 967
680 2265 293
903 246 691
2091 1132 161
88 1844 940
1048 1024 324
1694 227 139
187 1244 148
1088 2216 698
1109 1240 394
273 330 641
2146 2003 945
1656 1595 943
2215 1515 84
3 647 235
1403 1725 775
1522 49 192
1501 980 853
445 352 804
1461 1337 151
2170 967 809
1266 859 335
40 1452 203
1430 1823 110
1644 479 997
1605 1511 150
2100 390 700
1531 2295 177
1695 434 853
1872 177 192
1748 203 692
1700 1476 227
1790 1983 945
791 1031 158
365 1790 363
1229 983 960
549 2299 698
326 1994 923
4 2090 68
876 19 604
1794 1031 55
272 1886 398
2219 1404 321
973 143 937
1955 1398 401
205 1652 570
88 1967 280
166 263 93
398 1847 670
52 1851 540
1468 1245 179
902 1707 870
606 181 991
722 165 586
1891 217 842
444 1731 895
2076 230 809
1049 1772 252
526 27 748
656 2265 309
1504 1926 653
1711 1706 549
178 1531 959
1436 949 149
229 1084 18
1460 389 695
1650 75 780
250 1234 215
615 694 716
1068 1853 594
1776 1787 468
461 1741 171
282 1558 650
1719 876 383
320 1943 454
1635 1423 669
852 1433 718
1554 1110 951
1534 1366 634
148 190 641
424 1857 714
791 947 82
1493 715 448
805 625 201
1093 1120 190
319 1648 556
874 1994 147
21 909 956
364 143 548
1525 439 901
1495 1309 411
966 129 711
804 546 215
606 1196 453
1815 244 813
811 38 683
802 2023 712
2192 222 397
624 1933 711
1541 1407 370
127 1300 915
175 1032 646
1412 1197 90
2030 2181 959
613 74 328
2178 2189 336
318 580 498
979 2185 521
727 1161 554
779 1419 662
2253 299 470
1571 498 1000
2285 2187 543
220 2056 596
1054 1163 291
944 1892 256
2267 1452 717
2076 701 912
1684 848 147
1172 1856 53
1482 2069 465
1044 2213 215
1864 1952 18
161 1235 829
1479 2232 841
1458 314 214
954 1883 424
1131 1358 629
1826 1057 126
1566 724 259
10 1736 391
333 743 855
1634 1971 311
855 2278 155
1130 191 182
2258 1859 101
542 314 115
1977 264 61
1409 1998 717
2105 169 162
2044 394 856
2242 1347 173
1554 1934 485
446 1004 335
181 823 139
1008 1121 933
1396 1562 515
1898 667 498
441 1850 174
1383 908 941
463 1828 270
1319 755 863
2236 513 865
2239 2216 855
211 1116 67
1250 1068 131
508 2151 728
1846 2014 105
100 477 534
683 732 358
1098 353 255
1071 2171 840
949 786 312
273 1539 190
1407 2216 482
1054 1257 345
330 7 643
737 111 774
1431 1102 127
1207 1911 579
1236 743 12
884 316 898
465 1626 837
1189 2217 418
1697 1764 868
1257 1238 497
1446 1291 313
627 2240 29
1239 1388 767
207 1676 382
1846 1103 598
735 1168 210
1971 2175 82
1073 1530 847
1336 242 789
2296 585 660
1623 483 553
1853 2256 440
1463 312 939
675 899 462
1734 1217 470
202 311 833
2029 1152 495
2247 1704 721
536 1392 442
1738 2308 793
899 1747 613
680 1325 121
68 265 446
536 45 520
2278 2039 731
2243 1062 153
205 925 708
79 962 51
294 2207 357
1172 1237 836
1928 813 618
1766 1957 172
1896 1012 568
1818 1154 345
834 782 33
1363 1425 231
91 361 735
923 846 726
1517 2160 922
2288 1154 280
571 617 918
118 1157 399
79 901 284
1049 1206 261
869 271 949
1929 801 301
1875 659 171
1135 1539 652
1111 732 958
1555 1427 216
791 155 123
1344 1665 734
1334 222 548
1598 2052 866
1450 1024 301
2244 702 836
1266 2110 220
1006 621 663
1128 347 920
81 595 431
209 1943 668
587 410 385
1871 2204 10
1315 1158 674
1433 13 466
1065 1691 496
2020 1558 813
1784 1165 693
578 2245 381
548 1474 935
1617 79 29
420 2130 778
1274 1075 454
1690 1135 269
723 1003 213
866 2078 257
1733 766 825
450 414 563
2112 1926 11
2184 1038 101
2281 246 660
576 489 770
1441 901 103
795 502 311
1264 510 232
1705 739 114
981 806 573
2051 578 421
637 1711 539
463 572 906
1322 2161 92
441 2268 959
860 2175 574
230 2105 272
635 2140 715
81 1618 780
541 771 479
1198 36 25
1534 1861 597
1219 1618 669
1378 1106 943
1350 1836 533
1982 1933 173
233 904 15
412 1430 523
836 1354 652
2283 2111 972
1685 2055 540
774 402 506
1595 1056 711
1549 1742 538
876 1847 231
1682 1287 348
2216 674 224
1030 243 302
1068 322 841
957 148 642
1100 2119 413
1440 1617 701
1935 1763 757
224 1473 743
275 1994 608
1757 249 899
345 1120 954
1771 1841 661
91 682 687
2178 1319 270
2267 1205 40
655 1424 345
977 279 255
2099 1972 750
1420 1596 505
53 51 868
1378 409 82
1896 601 605
1840 1948 752
2013 1047 694
1678 202 499
2142 1346 691
522 2213 891
2007 1126 616
733 702 21
2169 1202 656
2001 1335 482
173 651 450
282 458 891
2095 837 337
1862 2008 922
608 48 354
2294 514 58
333 151 565
2185 1097 962
1381 414 149
1695 2113 935
904 2047 46
878 428 503
1994 1120 345
763 1231 47
2005 1896 584
408 729 736
2164 1468 56
1071 172 130
816 1518 80
1520 1942 833
1724 1793 541
1969 1443 362
1572 304 672
1006 1649 533
479 2251 122
159 94 778
1470 2116 8
197 1491 932
2264 1125 754
1136 1154 480
1208 1963 68
88 1482 846
188 347 279
959 1517 14
239 1595 200
1356 1108 641
793 421 628
1852 544 620
1090 609 568
648 957 658
299 1810 182
1580 1071 908
1884 1647 31
639 519 318
691 1745 322
1184 655 173
1644 1085 899
549 1056 771
1445 2026 296
2114 1453 792
361 2154 622
538 849 73
1667 1751 728
1577 2209 524
699 1442 477
1562 782 921
1288 979 317
1248 841 732
1746 2029 588
573 2110 176
2056 745 953
1049 1015 384
1793 2293 900
1 1506 794
1629 2011 39
1838 748 786
265 1894 1000
2070 1700 328
2248 1150 575
1747 713 748
516 2305 764
379 391 212
385 1715 969
1791 201 2
1515 1703 634
649 1888 177
1569 483 313
2126 196 552
534 52 942
1443 196 985
2050 807 596
493 157 428
3 840 381
1049 1995 779
908 385 170
1704 1258 396
45 1877 125
1670 2158 933
1278 2163 213
1844 2096 463
2105 1963 138
390 192 68
289 1322 869
1726 1286 834
2314 2083 256
203 779 380
282 514 552
449 477 156
1023 320 988
296 2116 326
801 1157 239
146 898 401
1319 1369 37
1094 648 670
1168 1133 545
363 1180 528
2310 41 140
1527 387 571
997 1613 625
467 1465 87
711 1513 144
852 933 971
322 816 901
1491 1113 86
1365 417 696
2090 621 899
1273 51 978
48 222 958
1058 1140 159
856 1153 769
651 1486 253
1574 234 995
1477 958 197
568 2154 910
778 1247 552
2145 2056 800
1262 733 795
1471 2040 757
2126 1165 629
2302 1993 193
1065 449 610
2205 323 24
2305 131 350
1347 52 26
1161 1890 694
2181 911 695
1372 1417 710
2192 909 697
2061 834 485
1696 642 666
872 123 612
1160 1840 604
643 1153 888
1323 1014 117
864 644 239
1033 1547 678
1480 2161 364
324 1522 148
1075 289 842
2152 1042 951
2033 1541 175
547 1988 240
1745 85 267
2237 1646 18
695 825 513
799 2198 389
1239 1385 362
616 571 546
604 979 22
391 2233 429
942 259 168
1599 509 728
1540 1873 435
1820 1293 120
739 419 860
230 692 843
2028 1951 697
996 329 399
759 1982 541
190 392 177
1172 1019 129
527 762 726
152 1848 771
1099 1150 611
1214 1856 309
1725 2117 327
678 1601 658
1408 144 817
1778 541 993
1789 1215 240
814 56 653
2289 2314 370
661 1718 391
1330 1635 397
1462 16 841
1890 2257 358
1195 1008 964
1738 576 36
2115 1685 499
889 559 203
1462 1871 528
1075 316 147
1565 1564 525
546 1277 248
983 1013 145
342 1665 206
2016 1476 772
986 1935 941
1400 907 556
419 1486 229
545 1006 682
165 191 656
1904 664 790
2009 1853 492
87 2300 271
1446 1262 53
1647 644 429
787 1093 922
2041 313 845
1909 1720 422
2294 1828 289
547 1594 866
1571 1055 511
435 1719 806
592 390 639
453 713 941
2179 1314 275
973 259 370
259 1554 878
1635 1630 35
1201 634 554
1149 1259 667
1398 1572 564
2196 13 380
2051 1517 233
388 1981 767
2234 354 190
2147 1988 115
949 1003 343
1637 276 80
1069 1384 261
1605 318 90
1868 1425 936
1822 179 242
871 966 234
312 32 135
567 1571 585
779 2045 20
1134 1593 230
1574 166 373
1796 490 917
2307 664 124
1824 1677 927
197 358 522
395 1189 230
2112 619 58
1538 1643 649
359 154 856
2221 938 112
376 706 621
1721 754 471
476 1288 888
1424 1088 671
1742 1682 406
857 1637 469
966 1995 403
1894 274 27
2058 1110 702
1837 2032 758
380 1014 289
438 2257 697
2217 694 916
277 2230 109
1931 1129 367
1157 1057 454
1538 1088 654
2149 330 823
1963 100 302
568 1967 986
1837 1109 870
1722 1642 52
1379 535 66
2204 683 175
2111 1705 355
1331 1924 284
1883 1783 938
2017 756 27
133 2312 162
2200 595 979
835 1390 29
2095 2223 360
1129 232 18
1253 1550 908
2044 522 427
1155 1771 159
2194 888 459
1942 2264 942
498 803 605
2110 1862 214
100 1253 46
1359 1270 304
277 805 947
575 260 134
107 966 780
826 4 470
1905 599 532
1104 2068 700
623 384 149
1148 29 194
1770 2015 14
958 1405 566
1088 651 53
621 1855 492
2139 2124 777
844 958 296
1298 247 72
1613 2229 520
1745 2270 279
1190 345 70
1755 1767 797
847 1216 635
606 1688 400
1259 666 702
1155 612 350
324 747 100
1731 1032 526
966 1440 949
2178 726 432
1484 449 714
1560 1476 663
190 2168 9
995 1812 661
947 2297 274
788 2040 447
97 1864 746
1682 892 523
544 2062 880
1332 46 455
1124 287 500
1418 908 832
1293 1336 687
2026 2206 179
374 1043 566
34 711 778
1383 1202 322
1003 1459 251
1776 1925 403
1326 76 432
1454 70 108
441 41 192
64 1129 619
916 274 388
983 1801 762
2244 827 107
1088 1792 340
50 1307 969
36 367 868
676 2238 528
480 160 329
1280 1121 441
358 82 15
1631 1859 25
834 2084 525
761 159 806
1468 1048 34
690 259 453
385 1069 968
1848 555 13
1695 946 769
1013 2297 107
2171 2050 847
1506 898 322
1699 1006 616
736 2077 651
2057 1137 190
2208 1357 308
111 83 274
2216 1140 415
1344 2136 925
239 1241 190
1373 870 351
248 1515 130
2048 1732 85
652 793 337
1708 330 984
422 1203 269
647 813 340
155 1338 705
1504 1659 123
1736 810 223
236 1278 349
1272 11 526
355 1781 74
1748 1247 275
576 951 680
499 1948 375
672 258 434
1080 1264 641
1135 1242 794
1805 2221 288
618 652 576
1853 486 414
39 1347 476
138 1424 555
611 1887 309
1991 1242 689
1725 1267 837
957 1318 828
2161 555 153
537 801 117
1375 2189 824
1564 2048 139
929 644 608
1307 252 923
2136 1912 300
1331 304 752
1651 311 767
555 898 734
2190 304 458
1394 2126 302
707 2063 559
1711 797 79
1230 1178 3
1684 361 515
703 694 173
672 1654 252
1582 1394 96
1012 1127 520
341 413 786
741 29 450
547 1808 302
1591 1841 796
1041 1645 362
1532 485 981
862 2129 846
2017 2189 213
2184 1237 776
274 1790 260
1049 1624 756
958 1041 268
450 154 162
213 1416 475
231 1033 738
1793 193 320
977 1596 626
1220 1275 376
927 505 401
371 2104 245
482 2011 417
162 1334 642
667 856 160
1165 332 911
1029 1259 466
950 494 158
444 232 729
659 1247 892
1816 328 175
579 1974 285
1742 411 767
1688 977 395
1585 1105 597
1862 313 877
706 1896 681
173 2278 922
2187 772 786
694 278 499
753 1973 636
1162 1368 585
1914 345 358
1519 1321 320
1846 741 945
1693 344 507
1904 410 274
1559 165 232
1529 1186 825
1670 170 75
24 2072 514
1216 1850 833
1311 390 358
450 1337 585
1552 856 666
173 1204 303
1041 1992 784
219 1086 628
376 1971 291
631 975 81
1105 1765 718
2018 1018 83
1887 1289 12
1021 2240 620
1944 930 586
1363 954 30
1263 1680 966
1123 1068 397
974 223 192
1645 2147 1
260 1732 767
394 421 142
103 1716 380
1143 797 153
1318 1376 914
2217 1222 738
1812 1244 168
1186 1710 882
304 2189 691
1433 2015 122
1435 1041 559
1229 2107 515
1040 1287 284
2076 165 920
1769 1114 454
1120 38 127
1927 959 17
2312 1823 472
1378 1337 950
564 1693 42
669 234 198
833 78 726
576 1445 83
558 947 215
356 226 456
554 937 5
1880 1668 444
34 934 403
344 316 613
1537 755 228
932 63 160
1842 564 455
779 976 770
1011 1636 988
1811 2309 239
1531 167 714
2297 1896 308
1320 210 491
1194 1549 932
1621 1647 416
2258 2035 252
1467 180 113
1211 1304 445
736 1933 527
841 2078 351
1158 1401 315
150 1070 168
96 821 100
576 1907 218
1208 2014 230
939 2114 188
154 105 24
1422 1682 676
855 839 774
1188 570 467
1966 1456 414
1508 2313 699
2198 194 966
226 1757 957
1262 1293 612
374 791 837
328 1951 335
719 453 191
921 1857 417
836 2079 353
1465 526 416
1137 1330 282
1598 1494 484
532 110 875
2225 1536 897
2179 148 983
1448 358 323
2309 987 452
1199 1621 434
2048 1389 433
1077 1107 547
1615 2255 41
1623 934 985
1831 1265 143
629 2068 477
138 471 32
1091 1613 844
508 310 953
989 898 68
374 46 109
417 1857 264
506 632 852
656 1153 173
682 912 637
198 1446 644
2227 435 413
427 1614 659
196 1120 452
1554 1180 827
137 213 948
2016 1976 923
385 2239 862
1046 321 552
488 922 13
2015 1696 210
758 2016 687
629 2283 597
522 1103 904
1576 425 855
1036 308 469
313 1395 49
1834 1114 282
839 2306 80
1273 1833 348
625 393 58
674 495 692
696 66 655
1905 690 626
2217 2229 183
1501 1614 86
978 2187 569
707 1848 719
498 621 332
352 2181 979
1723 2058 554
1377 1160 716
622 1809 608
2259 1760 944
1662 780 36
1917 195 357
590 2230 203
1336 1524 659
288 134 523
1367 94 986
224 1846 607
1075 261 916
865 1848 205
1053 905 29
1468 1746 409
281 364 397
1168 648 204
1203 235 694
2124 292 258
776 1572 474
1775 2144 758
111 1194 66
1585 1332 855
1095 2199 683
1411 1571 799
1284 2077 539
811 1851 407
2193 407 20
605 1684 777
1816 2171 581
608 9 924
1339 180 2
1800 1987 663
298 2009 699
2177 207 254
1099 1838 222
801 126 533
414 2270 727
1327 2304 305
473 672 328
501 491 438
879 1465 140
460 1476 475
544 175 936
1605 158 701
551 2213 909
222 1853 60
815 2041 996
945 1394 605
1091 1858 945
248 1305 427
775 1655 40
1599 797 943
379 120 213
1528 491 704
2149 1729 877
2082 2114 334
983 2205 966
1483 1930 823
1029 1773 634
2063 1560 179
1903 1407 947
1052 1956 229
216 1156 262
994 252 806
1425 972 203
1645 198 342
474 1883 296
981 1789 797
1851 2198 78
24 2068 671
1916 1203 753
916 1348 661
2056 1982 669
2057 1199 307
1708 1223 444
56 94 713
367 1192 377
2268 1172 183
323 599 707
1600 568 676
133 830 862
1270 753 934
69 2311 153
170 751 383
431 1577 616
640 1942 843
1212 2273 781
2057 1805 799
422 2085 942
1339 408 975
1779 2150 631
626 325 311
215 348 754
1464 136 511
840 1867 357
2269 96 861
1806 1116 858
953 460 986
882 530 404
1739 471 840
104 1367 906
1392 153 850
1419 600 691
455 2139 280
19 342 426
1144 1970 917
803 1980 687
1772 2177 271
1237 1011 907
1802 1259 843
597 1054 571
945 157 905
366 676 170
381 2157 409
234 1157 94
2117 1469 806
270 897 509
1227 749 175
1117 416 405
1355 1456 565
168 1979 255
720 2139 291
107 1392 761
1200 655 327
657 1135 12
185 1284 177
188 1997 158
156 1505 803
382 1242 95
920 569 979
894 890 974
569 249 73
493 1385 953
1408 1136 910
1054 281 875
2257 337 660
1510 1185 282
2027 773 36
1514 2163 874
2289 862 87
1932 540 670
294 749 526
1034 1510 796
682 2020 545
1526 1865 815
1076 1652 638
1976 2276 754
1236 640 86
624 1452 110
1883 1162 858
459 1846 900
1022 1461 363
1879 135 322
1054 569 342
2029 2002 778
905 1361 245
2190 1039 8
2079 1467 474
1323 651 714
1224 1525 737
1037 849 838
2028 1798 54
681 1807 928
1862 1379 745
2072 1568 888
1553 899 598
112 1582 223
849 408 500
872 1651 386
931 1056 919
1945 799 976
1937 783 915
1927 1107 743
1737 391 811
2227 1716 125
247 635 419
106 2150 534
1081 2275 942
2296 503 242
1761 1384 522
1625 394 172
1810 1104 277
1219 232 437
1444 220 598
2079 1010 161
1233 303 808
1084 30 711
1649 65 902
1747 933 455
1301 1577 547
203 1571 553
1890 586 756
1943 2303 420
1129 1706 434
1484 436 510
1635 878 26
37 456 259
1951 519 341
1504 1918 284
1084 852 274
1383 463 10
514 2272 191
1478 1341 668
1068 2040 778
1438 252 798
542 1638 8
1265 2271 41
2277 684 526
1668 958 632
251 226 980
2257 69 118
1946 1449 715
1026 919 498
2308 472 428
823 89 303
1478 1735 964
917 888 577
447 2099 468
1072 1815 53
650 1537 68
275 829 549
1644 724 852
1423 117 875
83 140 428
938 1412 506
1909 2233 737
61 1480 573
1065 1985 342
166 1546 313
1084 1220 966
1672 649 972
104 1401 868
1217 692 819
1135 1364 565
2032 1180 609
353 850 269
971 1408 601
1222 1715 728
80 1546 5
390 1518 931
1835 348 352
1999 75 887
223 1372 373
2147 448 335
2096 2285 626
2173 1630 561
190 1543 480
398 450 763
336 894 191
1330 1927 848
1955 606 161
2011 1902 671
956 1418 917
697 941 80
745 1508 119
1370 1012 872
785 1696 231
320 2151 162
1250 261 23
1508 797 803
912 1873 287
1775 1888 199
2160 664 341
204 2000 43
2238 1918 969
1149 302 473
1254 462 467
343 1284 985
1021 1301 662
1287 211 213
2192 1162 18
933 285 912
65 591 663
512 558 488
365 265 332
468 2025 817
565 749 635
1404 328 178
1993 2111 511
1925 271 991
438 1145 878
1426 1292 162
306 1920 746
923 451 25
1282 1728 54
1301 1472 347
779 1375 111
1773 292 970
1676 1819 49
795 637 808
1985 106 505
2065 1073 912
42 1976 482
2028 1761 271
1798 1951 48
1584 1802 249
709 752 426
175 292 439
308 1025 47
527 1014 982
253 1844 98
2228 1281 379
1952 1677 415
1397 716 956
2059 2096 265
1183 1943 40
504 327 803
1331 838 992
1306 1150 83
806 321 58
655 1298 601
1146 1778 546
1883 884 346
1422 814 600
487 2142 406
1650 762 475
2098 1526 685
436 1461 862
546 1385 67
151 822 660
1390 1965 278
1693 796 606
437 1239 128
1474 633 589
2287 664 322
758 152 212
1374 1909 233
1475 2254 772
107 907 969
599 1531 754
2140 622 33
1337 125 269
264 1726 274
2061 1838 831
1949 1132 900
1581 865 143
1687 1203 938
1573 2252 920
1972 1848 518
1519 397 278
1402 6 799
1173 591 267
1417 1696 18
1413 542 515
147 1875 111
1241 1489 362
222 1973 621
427 1165 656
735 2281 887
1292 660 436
2201 2276 857
1088 1143 943
924 964 304
921 2308 816
1743 308 652
679 816 537
309 1029 535
565 1100 374
195 233 79
2232 487 175
21 1070 112
1857 131 493
1292 2234 996
1806 1678 3
2175 1421 995
485 1834 461
1268 1054 881
1693 1379 838
1365 186 23
268 1446 343
590 328 349
971 2306 778
542 84 255
2097 1861 645
2304 1889 814
1859 1092 540
1362 1949 40
408 910 512
1091 964 48
1294 1488 434
329 54 365
1293 1942 418
1752 1235 92
1368 1207 565
1808 1361 928
887 396 398
534 733 1
892 2290 990
704 1239 879
1122 97 35
1044 1449 571
1926 76 972
1702 176 626
2093 1802 290
1660 918 544
817 1668 732
1622 853 631
64 143 460
304 1248 134
1144 582 487
234 647 658
1425 2042 148
1934 764 416
1799 323 324
1055 6 777
2025 1133 544
794 955 908
1560 55 508
1369 1353 304
2259 1619 698
716 1754 275
940 2165 34
567 1212 339
353 357 172
274 2068 705
299 1010 369
65 867 638
2127 189 681
2187 739 526
1666 508 845
160 367 230
2079 32 314
1155 1663 377
947 1753 281
1981 759 708
1974 1626 420
208 1930 909
2075 1355 755
1044 740 78
2220 39 623
1468 343 822
647 66 585
1038 321 54
874 12 421
629 2174 281
1688 545 144
1506 812 897
330 1717 346
1558 1659 219
1789 903 492
774 2054 679
1921 315 759
1732 316 766
1385 380 58
2314 198 124
1577 651 143
2070 1148 795
860 1474 569
1308 1539 21
1728 2195 410
310 378 536
2035 103 339
1165 1950 466
647 36 534
1087 721 76
1411 1378 746
302 630 0
1080 2 675
227 229 808
219 188 975
296 146 412
911 378 566
2073 517 987
2117 2288 925
354 2233 772
1430 2066 7
1164 707 193
1304 1443 59
296 1126 136
1058 1727 784
1185 1430 664
400 1402 914
1629 415 919
208 1874 399
606 790 58
501 1504 195
35 579 53
202 569 350
130 337 714
302 224 440
1054 145 134
1726 1415 104
1128 1072 144
324 677 608
976 1610 995
1867 1398 281
407 265 634
685 1510 620
2227 386 223
1058 2003 283
1050 1668 827
536 626 247
502 761 662
1092 1372 464
1773 765 313
1042 1203 13
1756 1625 709
1492 2134 560
573 1904 642
1519 602 538
1282 1665 915
210 1208 548
2085 1729 46
521 635 830
2170 1918 60
732 790 715
2287 2010 970
1226 253 236
159 12 437
587 241 540
2130 1981 796
1615 101 213
601 1621 684
2183 1292 830
278 501 390
2215 1375 954
1105 1014 69
447 1906 459
1286 216 858
2198 1412 144
1327 2182 789
747 1399 968
733 502 447
579 174 59
334 917 270
203 315 966
148 623 159
1949 1289 494
1950 1027 319
118 2251 290
701 735 46
1690 43 109
555 298 407
813 1130 181
1923 28 881
161 1507 35
1745 2010 990
1731 2132 223
1562 1455 279
434 1715 566
1977 1067 5
1600 453 192
510 428 991
1723 329 222
576 312 233
583 834 149
142 1795 326
1697 2262 964
428 423 504
1817 847 921
1988 1246 266
2273 78 351
761 1873 454
1046 2173 818
965 1502 736
1903 272 551
355 1613 149
997 1955 379
2064 27 39
1535 279 689
134 1896 953
173 1885 893
2135 1429 181
1202 685 226
926 334 670
1368 447 98
1890 920 843
2165 1076 603
1567 1521 119
886 1358 745
181 805 226
477 114 625
1986 1950 142
294 789 634
1843 2310 380
588 2209 14
292 41 84
781 1679 42
1581 643 810
1961 1798 492
520 1257 867
885 537 23
1214 219 428
2115 825 43
1155 25 223
2139 1703 283
1776 1736 990
1549 1644 880
1885 480 923
192 600 880
1105 509 619
310 895 35
2080 662 753
730 551 672
908 168 997
991 845 691
1806 271 586
2272 1149 928
59 2211 508
348 1088 700
468 96 529
1256 1903 774
25 2296 860
544 2191 992
168 848 923
383 2183 582
1513 883 954
1954 1233 484
179 1558 15
1791 893 336
604 1584 77
1425 1240 905
2263 2070 617
2073 2309 984
2068 1580 419
741 1910 485
2303 219 872
151 2302 241
135 2198 78
322 1330 665
1238 1030 493
234 22 513
2285 1592 765
1756 651 924
1894 952 567
41 1013 210
1783 449 343
626 667 356
601 2206 75
2015 4 697
1676 854 263
190 1140 545
2252 1511 720
1386 399 288
2303 1158 851
1000 1184 858
1177 765 907
1317 1928 966
2255 1770 338
676 892 567
501 2183 366
578 1599 259
820 2213 403
1779 1461 478
873 1244 51
1122 573 247
192 563 496
1004 2130 34
1171 492 285
608 628 420
441 908 581
1132 612 578
73 2169 245
604 2081 439
1084 1652 301
2225 915 476
432 2054 723
806 888 982
139 254 272
225 2139 478
877 1608 193
983 1284 829
1733 1622 436
1208 200 667
460 1652 108
1290 469 346
929 216 377
159 2253 946
389 128 673
1210 2106 235
65 356 782
1605 1598 940
1869 644 745
2111 293 396
1195 572 816
1920 1265 96
1412 1997 26
1748 1048 537
1897 2241 974
727 1744 97
1002 1217 296
1566 723 760
63 574 540
1494 1365 346
2061 1955 50
2303 1622 571
423 279 590
628 200 645
1865 386 267
2217 1564 918
1581 1449 298
786 233 538
1673 504 559
361 244 792
1208 201 520
1154 1184 19
525 498 930
972 1803 240
897 581 585
1436 825 733
2158 614 657
1667 605 853
1759 2303 833
958 1589 105
263 1867 747
242 1483 936
396 1512 847
111 918 14
113 1053 473
1918 2096 958
1197 552 691
1824 952 751
403 485 122
873 1476 324
541 1558 916
932 1034 372
196 816 652
1267 1586 546
1516 340 75
2053 1095 149
1256 1503 859
172 893 96
2233 571 775
1081 1699 237
811 1498 131
1811 192 108
1945 446 678
79 1761 623
1027 211 981
1648 515 531
458 117 295
1784 2058 113
1233 1902 288
196 686 790
404 2070 870
368 1525 863
1063 1485 823
300 102 766
2107 84 48
1795 1087 645
1003 297 541
1795 668 806
516 2210 45
332 1305 314
2215 1008 608
572 946 544
1365 2170 821
2033 1747 564
1669 2032 323
513 1032 298
2264 696 880
546 1620 940
266 1326 95
1413 13 731
1258 1058 228
1432 1824 927
805 1754 789
1222 2310 607
1159 140 812
1727 1395 63
1169 2301 452
383 465 377
2036 1505 286
1656 91 895
95 1381 690
215 440 634
1587 1313 257
370 3 397
341 1992 894
2275 1833 728
2015 2166 370
925 1260 871
923 1108 626
2152 1973 793
1790 96 793
1543 2131 209
1133 557 521
1154 1195 438
771 773 168
1071 1813 503
221 944 420
1368 785 238
641 1220 541
757 1147 375
1663 34 371
1359 1082 519
1934 1330 409
1020 2039 277
1046 1097 800
105 495 825
774 1981 563
2311 356 608
1347 1103 190
272 1589 778
2052 1760 972
121 79 343
2092 1298 834
1580 2302 148
362 23 967
631 1481 672
1747 23 523
1119 572 936
2055 1359 508
435 342 692
639 1873 746
1119 369 579
161 2066 252
7 1043 485
1865 504 735
864 1652 213
304 2280 833
793 1910 519
886 1147 738
1784 2097 925
606 544 229
941 1585 800
224 1361 676
941 2055 245
736 2162 800
2208 1748 476
921 1230 398
1375 1186 736
380 1108 530
898 792 257
659 757 676
1760 1121 401
1255 1685 71
255 1815 498
2109 1488 278
1364 1741 375
2144 1992 231
2164 1712 752
1905 1621 452
205 1786 140
2171 953 356
1110 662 687
2033 1630 368
1841 1054 192
2161 1456 219
674 1121 621
1970 1557 976
1636 1017 616
552 183 800
154 984 104
1494 46 57
1419 435 275
1756 1343 228
341 227 675
877 340 285
722 713 729
390 459 981
1205 466 267
1355 664 639
811 1486 479
772 301 254
1935 1584 852
1710 2269 94
1484 377 86
659 2257 693
2308 1316 968
214 2133 512
953 1092 659
1692 1139 20
984 1593 310
1531 1610 767
1338 1174 787
395 437 387
826 1796 319
1522 1004 579
972 2299 250
2035 2100 566
1923 366 39
1580 1599 763
1826 2221 675
509 1356 23
2240 240 890
2072 1276 1
714 823 849
1908 939 122
623 1332 666
675 585 681
1116 542 818
488 1644 866
1846 1555 726
1205 1884 796
257 1226 888
288 1182 49
1933 187 460
1624 1882 567
285 1155 515
2231 1890 932
1843 1339 264
156 1806 112
397 496 599
2080 1344 511
885 228 354
1528 1878 652
2115 992 296
1756 1912 409
832 1780 982
72 895 673
76 2042 999
2207 2192 760
1132 526 329
495 708 317
1426 539 883
1119 2046 346
1731 2207 29
1604 910 634
138 1510 133
1655 255 366
2195 1720 799
2157 1426 755
2193 760 665
1668 1038 567
243 1876 636
187 1099 186
1944 1530 845
1665 485 556
1918 1465 244
595 936 347
81 640 294
1578 2086 72
257 1738 742
1797 466 261
146 1383 636
2072 414 42
2256 2291 877
851 704 375
668 1156 123
1637 2139 246
459 1976 211
1664 2003 260
349 472 797
2067 1642 793
537 481 286
183 2218 154
1381 1389 594
1762 704 392
970 799 356
1548 1097 198
2068 322 766
1334 2183 799
88 1906 855
425 1810 260
2186 1165 364
362 516 654
337 178 418
1974 1472 606
412 203 24
659 654 237
1620 1914 286
993 852 962
1410 999 239
999 1328 75
169 2040 877
718 117 387
619 679 882
941 2237 913
880 2012 823
717 1113 340
285 84 327
448 1458 684
868 391 7
1138 42 464
428 1198 790
1510 1954 374
965 1378 96
1879 2308 498
207 1054 89
2150 1534 609
347 105 735
550 71 99
525 1608 467
1514 1623 488
1894 881 471
420 875 868
1439 1211 799
1962 1093 601
2211 1025 138
867 2206 907
266 558 708
1352 782 128
586 239 584
2082 28 309
2216 1989 980
972 1672 367
896 1791 889
2141 810 232
1548 1228 228
1607 2248 868
1468 2233 376
858 2209 64
118 547 564
378 915 244
1476 639 662
729 1620 184
821 2269 580
2129 1121 66
998 1153 954
1761 737 976
702 1759 12
823 1507 334
103 716 709
1512 647 295
821 1197 182
661 1860 135
2291 195 456
2173 1951 552
1194 2076 214
2132 2279 809
380 531 898
1254 1836 405
1304 1015 836
1219 749 355
2314 822 201
1144 384 784
1123 2271 659
2306 143 488
1413 920 383
1590 1190 213
732 2091 730
1693 649 59
1959 900 88
157 856 704
1288 2265 986
2210 2094 791
442 1228 351
471 531 40
547 481 944
394 1724 504
1299 2108 865
140 1660 470
274 465 97
1861 1654 47
628 394 152
2062 1090 48
1724 567 952
1539 966 363
1362 1792 641
1441 1875 69
2103 2194 518
1566 1298 774
2060 1350 884
207 2155 131
1456 872 59
2124 2284 431
127 1838 57
1265 112 222
1356 2241 680
487 2234 127
323 269 527
1798 2122 105
370 731 752
1242 766 203
1515 782 203
936 1648 444
1725 1305 399
450 1557 377
1426 1269 982
1985 2096 353
817 1376 920
2094 1209 234
363 1814 752
1207 53 659
931 1717 68
753 1909 809
1462 2119 668
224 2125 748
1912 1707 46
1811 2087 22
75 1277 364
1716 1904 668
706 701 76
1201 45 303
1274 286 781
1803 691 952
2040 892 337
40 701 293
2146 1783 128
378 1593 310
590 549 416
340 1274 502
2146 1979 241
488 461 622
2030 954 278
892 1645 19
1035 37 239
1569 1697 607
2129 2006 505
1400 371 142
402 58 934
2201 1669 321
2131 711 868
2315 884 268
315 1618 963
1831 1655 335
1575 116 622
776 393 304
455 1811 970
969 1388 292
418 1591 825
370 1212 139
1882 285 347
580 788 197
2288 308 461
495 1847 45
1118 907 909
2028 575 951
2209 1494 253
946 325 64
1990 266 569
1888 866 565
85 1631 10
2039 1707 677
441 1766 450
917 59 627
1588 839 206
2175 1330 614
727 152 648
987 2128 116
914 376 653
1945 963 354
1096 1492 669
181 1841 591
1945 1931 203
1408 83 785
2097 866 377
1888 840 383
550 1888 603
1814 2025 589
814 246 872
758 1135 763
410 1806 872
1739 1164 969
627 1666 637
447 1329 768
835 1367 344
276 744 503
1880 302 569
978 1750 685
1045 1359 643
2098 194 371
921 662 737
70 938 664
1146 1680 877
2071 1486 421
157 1076 322
10 242 396
1372 2146 512
1794 2141 413
1276 199 364
2004 1302 413
2088 389 153
2297 648 657
544 1594 421
1909 2250 441
769 1403 455
2300 102 758
2007 1467 274
1023 1356 937
2027 538 742
143 906 713
1604 1691 163
2091 1457 843
111 903 965
1694 1226 767
1785 914 89
1095 74 411
32 1248 678
1920 1530 895
1486 1967 521
1715 764 160
1613 1868 930
1996 1456 499
1298 1227 445
240 2278 376
567 654 559
11 996 608
493 565 186
1181 1109 351
1038 1 312
959 1706 80
496 971 837
895 795 521
2293 1802 754
511 1530 661
782 93 751
1520 1398 375
1551 1841 603
511 1073 99
1851 2059 915
743 1545 413
2097 1013 371
826 838 315
1796 652 29
499 2224 382
1031 2184 214
571 2168 634
2081 1914 86
1439 1027 725
230 274 851
1597 2244 199
46 1058 774
1438 565 993
130 1854 776
2219 269 465
19 1113 871
145 937 679
349 1459 52
1002 1303 262
734 904 493
1786 974 639
2276 2176 780
2089 1703 932
1788 788 685
1809 55 952
913 1393 814
522 463 279
2270 1049 72
1611 667 528
2249 2153 734
1473 927 6
986 690 420
586 2073 389
1048 1646 947
1009 226 614
156 1865 703
1021 1308 588
1731 63 691
609 1014 525
2195 1348 197
251 1449 104
175 1540 442
635 1668 884
1303 2018 355
1118 1389 70
813 1472 980
1067 1844 593
560 1966 113
327 695 360
1294 1830 339
1107 1965 425
533 1452 75
1497 537 221
1358 1928 690
996 1589 795
1036 1821 134
515 687 13
1930 727 82
827 1310 738
2011 1274 633
2162 1754 835
1071 2027 726
2009 1047 941
1917 911 155
167 435 915
1769 235 745
1161 708 366
1183 453 726
43 521 414
1193 524 131
547 1962 331
457 2256 66
1757 1466 852
2116 527 224
2061 458 978
1006 2257 176
143 1380 505
1154 1989 294
1021 1806 690
423 757 845
1184 2274 536
1787 668 139
1794 409 337
1420 2154 922
670 1803 730
144 1895 207
261 2312 407
1200 933 331
316 1850 945
964 706 569
875 1684 204
2083 1630 822
431 2050 324
2076 2047 416
1150 376 577
280 930 565
1013 452 853
1620 593 911
2193 1767 460
1788 1606 871
741 987 835
1798 699 247
2171 269 609
799 2164 13
651 2204 576
529 2180 221
544 162 523
198 1765 558
1000 1943 924
1411 2124 755
105 1551 340
2304 1328 340
1468 953 901
1749 889 219
784 1524 400
854 1336 140
1964 1084 116
1105 2048 436
2084 1051 830
2225 1904 192
555 2081 813
583 1425 353
1347 1060 950
1855 189 503
1762 490 156
586 1628 508
1987 796 906
1080 2112 383
1004 776 417
336 1898 658
1126 10 834
2177 1895 228
1938 2257 2
1799 1117 347
858 1212 333
1171 1496 904
1947 1498 597
1358 670 277
1696 442 201
285 347 962
76 593 663
1950 1459 399
1131 134 541
822 2163 491
1674 199 133
2035 94 417
348 1698 375
1915 2208 127
377 1799 441
1014 2238 319
1135 677 133
387 1188 6
280 87 566
753 763 449
1303 1732 955
134 43 83
610 1106 837
173 1791 363
752 456 219
105 1824 100
1845 1633 748
760 1434 173
1623 527 414
1240 2185 413
1072 1086 269
1221 1129 300
1174 1133 355
1907 1226 626
1916 4 239
1894 848 512
1217 1892 513
2199 577 234
932 1848 430
739 2062 597
1596 1143 299
1000 1023 461
819 2275 101
328 83 947
1375 1459 166
579 583 239
822 704 124
1644 1028 150
2147 1234 666
382 986 345
1678 123 864
1898 996 484
721 2105 952
1344 1531 7
189 551 157
351 552 319
404 2175 666
2204 2022 642
2005 2029 869
116 2302 560
1452 1495 339
1690 787 323
1529 1914 896
476 731 254
1259 344 42
2098 352 179
2034 40 912
741 1198 329
658 135 90
24 1123 712
466 950 463
698 1729 774
667 578 631
357 2253 554
2100 407 779
1696 831 366
1591 1927 601
2121 909 510
1325 188 234
126 1070 280
2212 1085 102
1373 868 205
1604 1248 630
516 1379 142
1494 970 359
1479 255 438
1443 1572 81
749 1798 483
901 569 319
1371 2196 751
1256 2220 638
2269 1017 771
1761 2148 178
2198 1852 346
2155 65 807
626 226 991
1866 1477 854
675 1388 164
1057 1984 668
377 111 450
162 226 735
1338 2043 196
1636 2185 137
866 1082 808
342 114 152
945 951 633
939 2155 641
1232 1504 702
1939 1828 299
1614 1105 230
395 834 584
1130 1835 265
1585 131 744
687 1403 766
403 471 172
965 598 550
622 2026 220
1115 1458 928
1389 2272 550
760 1508 739
802 471 830
1944 855 673
1628 1572 139
1742 1550 270
2316 1309 816
1644 331 232
2106 2012 623
118 2153 382
1899 2172 311
201 1036 367
814 29 796
1128 50 478
2246 1876 6
1906 1195 527
1658 1902 531
785 202 938
1475 207 340
2270 746 848
109 1259 469
1873 771 241
1387 1223 334
1525 294 150
1008 2122 129
322 394 42
287 1882 756
1839 1039 231
2062 1757 122
299 1814 428
1990 586 955
2011 2240 97
2307 1379 410
91 718 557
855 2203 704
2244 1665 497
1909 242 53
375 799 892
1962 605 149
481 1154 499
774 1422 380
1670 1505 579
1358 1073 716
1268 2111 786
2105 98 171
143 1084 202
142 840 667
1883 823 599
2188 1830 156
1711 1184 162
724 1359 417
1758 163 918
1821 1848 262
1218 2120 568
1574 96 50
1572 887 292
370 2049 81
1779 2174 465
1835 562 586
1919 2258 371
1828 1765 685
137 855 578
760 222 95
583 794 665
729 525 883
2245 1185 439
2251 508 804
140 680 995
985 929 924
1732 271 873
331 539 253
1208 427 2
1781 1933 659
1700 838 543
576 1446 699
1194 898 690
255 471 232
655 313 189
216 388 128
1061 522 997
1240 1508 378
2234 746 388
733 2297 512
2135 992 50
728 1630 76
1142 2266 780
1983 238 781
157 861 835
1417 31 762
650 2016 890
881 371 447
460 1892 890
1712 372 852
566 2000 453
1094 1514 223
1264 2183 997
579 1982 138
768 1966 905
1700 479 503
1061 2219 270
1182 1341 361
683 1170 402
708 509 252
193 1840 892
1361 938 399
818 549 850
151 1354 389
1902 2042 246
1063 1382 111
2133 855 38
1709 2016 973
602 1003 932
721 58 947
360 388 85
1733 806 178
1267 739 459
798 45 955
677 1699 516
1401 262 834
760 1560 319
116 597 455
1740 2061 177
2249 630 959
189 555 555
339 1451 282
1206 999 973
1985 2018 301
348 745 798
778 2009 861
1520 317 624
1678 809 389
946 2274 749
411 832 97
2243 1288 963
1265 707 874
116 2199 454
1774 2108 234
758 1246 276
469 1117 295
689 92 965
1618 369 88
2181 819 520
591 1982 344
1210 825 788
1231 2162 319
1281 906 350
2288 574 938
1591 338 3
1580 800 82
2072 192 438
591 620 831
1981 451 914
433 1958 716
610 2297 303
1490 1548 364
1463 472 930
112 764 50
1506 203 630
1658 651 581
1407 1914 628
1184 99 740
1391 88 89
586 1598 808
301 329 782
2021 1892 447
753 1837 906
2193 1796 889
854 1002 149
2166 1925 205
1405 2247 146
124 1402 993
599 1497 743
782 774 659
803 690 937
440 485 888
374 166 327
895 1104 712
1349 2087 716
1974 1768 874
1487 729 822
1731 922 242
2130 2287 868
1685 283 133
591 1894 445
1588 2169 48
2187 820 999
2079 2217 676
1796 161 253
1781 459 492
400 402 864
1955 571 456
2133 534 559
147 2237 716
1720 1528 491
1519 1961 285
1100 375 15
535 1777 676
1288 1261 239
54 1515 700
133 290 188
1064 1314 212
1654 1711 862
2037 1886 341
921 585 390
1187 83 613
2138 619 509
944 838 477
873 1370 195
1404 2274 233
609 979 682
390 143 753
1203 1497 890
26 179 440
405 1028 74
406 216 2
1806 62 53
2150 296 96
80 1379 89
1937 983 14
1705 1231 323
134 470 509
1871 1448 344
689 546 780
1125 1236 566
1427 1587 952
1865 148 254
835 1234 725
503 347 238
1244 2181 18
1084 2241 476
666 975 183
220 2220 567
325 655 222
2315 504 322
696 1005 942
1316 1176 502
1838 308 878
1149 888 699
1671 1969 311
1560 51 384
1484 1101 896
60 1410 741
2031 1561 280
404 437 507
1649 252 978
672 2077 825
1129 28 646
1800 1523 973
147 1846 650
350 496 611
1835 2314 639
759 1506 487
872 1956 473
1703 746 990
436 441 945
1844 584 85
629 1356 428
1274 1755 959
920 491 149
1818 1246 156
1756 804 757
1304 943 119
1737 748 962
1561 1730 558
1172 1977 130
168 1524 937
1049 2185 433
1122 2316 852
1908 1642 970
411 378 8
984 675 666
806 721 105
1869 1301 545
978 1631 79
1607 121 131
1136 1549 353
1556 19 228
1272 642 456
557 554 874
589 2069 84
628 1656 987
1891 382 375
275 1626 10
1711 995 280
1619 594 863
356 2132 237
1641 2088 740
612 1744 327
1599 912 325
95 1189 738
2224 1854 355
1449 44 971
58 706 109
1729 767 717
1588 403 719
445 1233 294
545 2292 94
2243 1245 286
1180 1587 857
1517 1132 608
679 453 127
1436 1385 62
1908 62 540
1417 497 238
687 977 841
676 2174 589
434 1711 317
2096 2270 192
830 563 566
1507 2033 220
274 375 339
1662 2060 150
651 1256 200
1102 1919 324
1796 605 243
499 92 543
1495 2202 722
2267 134 504
1214 1742 832
85 1394 277
1238 945 248
483 469 359
1557 1954 613
1769 1042 561
1003 1837 123
480 1333 940
516 1621 46
2109 772 907
168 1364 539
2077 1992 20
658 1905 643
75 2062 791
883 498 710
290 2285 940
2126 838 750
271 574 796
2145 663 972
488 2105 355
1256 2291 89
1603 1348 332
1915 847 591
680 106 213
599 864 829
1443 430 613
1049 1085 207
1240 1630 395
770 405 636
80 2209 288
254 118 784
1664 505 394
550 1611 128
2227 688 154
1007 1963 11
1593 404 119
405 608 922
1293 1161 260
2185 1659 636
1519 2093 135
1192 406 150
150 2029 226
1611 959 605
1786 1581 106
130 838 96
273 1027 611
198 1423 199
805 1431 471
605 723 60
367 467 267
1757 1506 651
992 587 339
1759 1212 920
161 1733 894
1212 480 237
472 1819 802
405 2236 654
2253 1017 792
1665 1525 414
381 1402 248
1160 1497 674
1971 2125 909
2269 1084 550
1463 842 116
597 738 897
528 901 478
940 554 249
1232 530 752
636 279 829
2080 2254 824
809 79 518
1787 916 659
1972 1958 389
7 1397 662
494 803 565
1068 742 709
726 1248 99
1274 2252 601
1417 1977 776
1375 2019 235
1389 162 292
1266 1829 129
909 1496 349
1397 1057 650
1749 1145 870
2082 1073 284
151 278 836
2238 1812 463
876 1310 212
2155 1513 530
1548 2059 591
1998 692 742
1071 587 490
933 1534 828
1213 2175 21
1676 267 876
261 1796 979
315 1078 872
1082 2181 161
1072 290 145
638 6 918
454 1929 366
2311 826 417
566 1674 599
2108 1368 889
1023 433 417
427 2073 597
1796 977 419
943 460 368
1747 1018 412
104 779 350
326 1495 336
1988 393 282
699 1589 455
224 1695 788
1030 847 934
320 2292 562
279 70 194
277 1289 428
1313 1435 394
1934 208 289
789 774 92
1174 1590 446
639 1221 722
1419 49 164
738 1959 445
338 1098 505
1040 1413 315
872 565 852
192 1311 7
1627 1526 694
1447 1763 67
524 1436 442
178 2246 287
2050 1089 529
2060 932 175
1742 568 396
1839 1550 203
245 2009 560
385 187 573
1886 669 703
823 2195 43
1808 89 695
1961 1277 401
509 1773 233
2102 319 782
1723 507 222
1008 1114 404
1548 1599 45
1803 1748 205
1238 7 880
2190 1361 342
2038 1201 118
1007 774 836
1247 274 137
1433 904 800
1896 1341 706
493 393 472
407 958 898
98 1781 64
1986 1615 663
2248 1749 73
476 1073 96
280 2053 605
389 295 592
1792 1101 709
384 617 429
640 542 688
23 1741 28
751 294 247
388 716 764
871 1156 809
944 1339 853
108 378 478
2249 754 274
1921 1814 994
1662 140 880
1409 1895 718
339 456 367
2040 1375 751
523 2000 171
1803 1862 827
1099 1273 758
531 2278 144
2162 17 53
12 154 728
673 1993 399
1397 50 217
1213 508 633
1362 2054 20
567 726 551
1722 586 1000
59 2298 833
1598 1818 657
504 431 612
480 1678 560
2159 1163 660
1741 700 698
1525 472 108
1585 1922 469
1687 1005 633
818 566 359
665 767 195
172 629 818
1930 366 370
464 1286 739
860 36 899
138 312 408
2156 1158 653
1330 2009 394
218 513 954
1735 2063 126
1897 1857 633
50 402 720
848 245 663
800 232 35
170 2160 920
211 901 874
50 829 640
317 1024 782
504 471 136
1731 61 741
1500 1631 388
627 571 431
917 2111 823
2265 2011 910
144 2065 147
2167 8 57
1314 110 609
1020 1822 615
244 1983 187
471 1267 816
850 1220 517
2101 1162 670
516 621 109
631 219 369
693 1344 359
2012 2132 203
1808 1990 399
93 1498 64
109 245 250
2165 760 441
546 2048 808
2233 644 225
859 1894 273
1133 1327 19
1900 1054 950
1002 1973 266
1306 102 602
673 1344 277
1795 1689 751
476 509 98
1302 2130 185
694 554 158
1281 68 55
1523 1951 1
2177 1184 650
444 1594 919
2247 1409 256
447 1551 429
1592 1235 255
724 1383 606
676 716 294
2009 1438 852
91 2197 435
1308 1377 733
1688 1989 231
1068 38 939
1923 1352 779
1509 1674 697
483 1027 966
730 2030 135
1456 1524 522
2122 431 592
1986 1402 153
585 196 225
1609 1054 822
2192 1035 957
1252 611 892
1126 1382 81
1421 357 493
146 2122 536
1230 1836 693
2264 500 698
1398 1151 349
1610 1656 277
1480 1346 411
2016 1842 136
222 588 4
1999 460 90
1812 905 338
1720 1614 207
1013 1304 953
1432 1591 242
2025 1705 684
1928 525 188
1508 309 148
503 1350 319
59 236 613
427 848 48
239 1236 888
607 35 369
330 378 171
465 1257 256
1104 1993 529
423 902 605
1053 327 81
902 284 94
618 254 827
599 1066 614
1939 2213 31
1577 1047 517
530 1392 822
1436 1256 731
246 1724 526
36 200 699
1907 671 364
1787 1063 654
836 631 465
2082 1781 87
101 347 730
204 2159 702
1820 583 267
2307 792 518
1401 275 863
1755 1352 737
1082 1216 31
2132 1885 724
1271 660 324
1200 269 4
1800 1384 425
255 639 595
2142 1650 45
878 782 609
787 266 76
1207 14 58
794 1332 920
978 492 110
1214 534 176
2085 1457 508
2165 1300 282
939 998 353
1782 2033 929
1002 1389 815
863 106 705
1963 448 132
1745 1825 580
1418 1951 113
1090 1048 455
1435 236 346
1314 1374 465
511 1663 97
408 740 784
1223 1862 76
2094 1427 12
989 2137 629
132 893 194
482 122 826
2092 1881 588
1841 2077 825
892 1534 306
1898 1010 474
1983 1614 52
1995 1059 821
1119 1581 340
494 1370 236
1198 2074 811
2193 378 626
250 929 314
304 74 979
1212 165 960
58 2065 241
475 203 850
186 881 744
488 1940 835
217 543 467
66 1524 352
1269 1672 960
115 771 71
1317 843 50
223 592 540
183 1828 575
2054 1345 262
537 1424 691
1096 1519 884
2042 865 400
803 1185 328
316 887 83
1207 406 289
1702 1554 700
1473 2171 573
1504 970 107
1599 2058 83
1313 470 597
1503 976 489
995 946 804
1406 491 268
520 492 331
1044 1799 189
1756 670 361
887 898 976
1485 821 211
1422 223 273
1190 1658 743
1528 150 124
584 1158 109
1464 353 94
622 872 254
95 370 684
1795 1670 215
1990 639 30
505 405 213
1051 113 651
156 2033 682
919 460 256
1585 1048 41
2121 1717 459
840 1924 947
877 1197 579
557 2235 691
1934 180 252
389 1583 539
1079 1100 83
289 735 0
1796 2309 678
1003 1558 133
1546 133 752
2137 471 401
1264 84 113
917 1556 129
2195 103 164
1917 606 2
2130 1792 356
169 1970 575
253 385 807
5 2257 367
1719 463 730
2117 533 151
1467 1950 951
509 996