51 98
27 42
46 19
31 4
43 48
17 11
27 30
22 39
22 17
45 30
3 24
7 42
51 43
24 3
37 8
25 45
21 3
6 47
15 40
19 28
48 27
24 19
18 10
9 39
1 6
40 18
27 1
20 6
39 42
36 23
30 23
40 43
26 33
45 1
42 43
49 20
7 3
26 39
3 29
41 5
46 27
50 15
49 27
39 37
47 17
8 31
23 40
50 7
19 3
1 35
1 40
44 12
37 15
34 46
21 48
23 36
2 8
11 2
6 49
26 38
20 33
24 42
22 28
46 36
21 7
34 45
38 13
25 17
43 47
49 44
19 44
50 24
41 11
21 20
26 2
13 17
51 49
30 48
7 26
19 21
4 35
48 20
18 45
40 38
37 47
28 43
46 38
51 15
26 40
33 42
37 7
18 13
43 9
9 6
29 43
42 48
25 16
1 41
47 15
