157 745
157 72
31 6
87 126
75 65
120 50
155 60
52 78
96 131
80 74
146 111
45 84
51 127
59 125
99 151
137 146
144 119
126 121
32 149
137 49
129 44
101 137
137 45
92 139
103 70
119 102
17 14
150 28
14 155
18 48
126 139
19 60
133 84
151 86
148 153
136 53
51 110
27 150
156 138
92 150
20 140
11 5
155 135
150 18
47 36
149 18
155 139
128 21
153 78
72 43
98 32
61 157
95 104
37 141
40 96
105 60
4 49
41 79
148 91
78 136
41 157
59 65
142 129
90 156
51 98
74 65
32 152
114 15
65 109
81 143
2 41
6 15
18 40
10 22
112 143
94 43
47 103
64 14
130 113
50 44
124 119
64 32
15 97
139 44
66 60
98 135
69 128
114 13
110 102
155 100
128 93
37 22
39 123
102 34
17 113
94 50
30 87
150 55
111 15
111 20
49 157
36 95
61 23
24 102
112 119
7 146
119 78
68 156
40 58
40 28
15 55
67 11
156 51
61 59
119 114
132 87
51 68
138 123
90 138
95 81
89 85
132 48
51 32
28 129
102 17
69 2
94 73
43 110
93 50
95 107
21 13
13 136
153 28
64 99
147 127
66 75
25 133
151 59
1 63
64 71
79 64
13 103
97 21
93 56
18 22
148 62
122 119
17 104
14 73
34 46
137 25
15 148
139 56
66 57
69 83
2 86
29 153
78 91
134 49
8 139
7 95
131 23
84 50
36 77
14 29
59 131
126 152
102 44
75 27
126 55
54 59
54 144
8 67
68 94
34 29
93 123
25 51
109 86
133 106
23 8
75 89
35 21
8 18
11 137
105 148
119 6
51 2
113 122
59 148
64 125
9 73
145 108
50 86
32 94
102 61
152 24
27 101
129 47
156 146
94 134
72 120
100 101
101 133
73 92
62 70
96 144
130 30
17 30
6 33
143 35
23 157
133 72
118 78
105 111
141 150
127 131
82 29
150 54
52 88
82 52
89 96
15 106
67 119
48 155
85 89
154 129
141 146
43 145
33 62
45 63
20 124
137 97
62 147
13 142
116 119
23 25
122 50
15 58
21 76
125 56
20 148
93 109
54 125
41 107
28 154
70 31
70 8
99 61
129 28
129 110
116 145
104 124
5 123
24 108
134 149
58 4
53 75
12 84
32 40
2 83
134 84
28 157
89 129
21 81
77 70
126 44
59 29
91 115
137 128
26 72
140 52
80 116
14 49
11 125
6 112
103 96
83 14
78 9
8 26
32 110
85 8
124 103
43 67
116 56
57 21
45 107
28 128
82 139
140 64
123 97
31 156
65 150
54 32
80 27
93 107
91 4
13 147
8 102
131 137
157 48
52 119
126 80
22 74
49 19
147 19
121 118
97 87
144 132
137 39
20 151
9 147
125 154
104 105
114 14
75 149
91 92
46 78
116 48
24 118
111 18
56 79
155 65
66 140
94 141
36 96
85 145
56 72
120 140
77 8
142 122
55 21
108 134
12 46
142 20
125 95
91 59
81 91
67 83
127 93
56 48
114 26
155 32
84 100
12 18
26 121
3 10
25 108
136 63
29 112
80 72
2 34
1 128
99 60
56 88
39 130
12 1
40 135
104 36
151 118
58 56
98 16
139 74
74 143
76 143
67 106
109 93
91 61
107 117
14 1
85 48
63 26
43 128
126 148
126 130
22 114
57 84
56 43
101 47
7 36
116 99
103 5
146 56
106 56
1 8
129 16
29 49
15 71
28 65
105 68
105 76
20 24
125 12
22 23
86 138
92 64
119 24
59 40
56 100
51 113
115 78
112 36
105 49
148 85
64 22
44 24
42 131
34 113
8 143
76 112
111 96
101 128
146 96
31 7
44 118
22 50
134 111
56 3
96 157
151 54
151 115
14 21
58 14
83 56
130 8
157 130
142 101
8 113
111 41
66 36
5 11
110 15
108 83
64 115
149 132
128 62
18 47
155 49
133 47
99 128
110 139
124 20
29 10
2 123
98 115
45 88
148 32
134 105
111 109
84 3
6 154
148 124
8 4
157 115
53 18
40 95
144 77
154 21
154 68
87 109
15 13
116 113
92 129
2 17
151 131
54 69
40 4
91 23
68 122
70 102
105 149
132 7
84 37
78 109
23 33
138 52
110 85
81 9
16 27
71 112
43 70
146 29
138 154
74 40
92 37
134 37
4 109
100 109
54 57
26 133
62 137
141 80
15 146
42 24
69 134
55 114
154 151
139 93
58 91
157 77
113 61
150 29
100 26
12 99
140 85
39 32
14 43
156 7
129 25
42 61
95 65
18 19
38 149
54 93
154 42
37 95
153 40
9 144
96 108
3 15
137 124
100 51
125 102
94 147
78 86
31 95
86 100
22 20
138 44
86 153
135 21
141 22
124 7
140 42
61 124
78 61
27 73
18 59
31 17
116 152
55 2
80 82
17 34
18 114
122 77
130 94
95 16
123 43
48 6
118 119
71 144
101 51
12 81
112 43
127 78
144 30
136 74
52 70
89 28
149 142
2 19
128 20
72 123
136 95
129 17
117 33
148 99
141 94
62 113
148 17
115 150
98 136
116 136
76 81
6 83
2 115
81 108
143 1
104 78
11 84
140 72
128 66
77 105
102 99
86 44
131 21
24 122
149 31
61 91
45 133
116 75
51 13
39 55
111 45
20 127
109 71
132 63
30 151
149 52
74 61
116 130
141 88
58 44
92 121
49 50
148 14
123 6
57 58
14 103
51 146
113 33
92 60
19 126
151 85
39 96
99 148
13 138
33 83
122 84
46 22
35 13
16 21
24 109
85 113
141 83
90 36
68 31
56 130
109 76
144 148
48 149
60 44
93 142
60 155
38 140
24 43
29 9
39 17
86 10
19 3
42 11
22 52
95 87
106 37
50 65
152 132
104 106
117 25
42 8
64 126
102 3
9 129
32 76
114 74
34 108
13 122
90 31
110 18
138 78
48 157
91 103
74 81
104 16
130 32
151 114
61 71
73 145
38 62
92 119
82 36
56 21
157 151
12 101
110 56
8 145
41 113
55 108
145 105
101 89
143 11
110 145
93 128
109 145
32 53
11 129
12 127
16 76
48 144
102 7
28 153
126 105
40 54
149 37
144 56
132 99
127 139
66 81
136 156
127 128
155 7
26 97
51 36
121 57
135 97
136 108
86 29
49 66
155 142
142 60
103 88
26 88
73 51
141 13
145 113
138 72
90 71
105 83
65 142
42 154
79 76
51 49
57 62
94 151
16 139
136 17
130 126
132 107
89 2
54 124
68 89
72 28
144 81
76 75
82 79
91 13
133 91
16 67
144 59
28 36
4 14
136 60
103 48
132 22
45 12
136 118
32 25
100 56
