965 715010
54100 822091
1022929 584379
1473633 1428618
590949 157732
359939 1396626
630896 1960944
1346913 617748
1131819 1165752
666810 263523
969838 142371
1639118 1418181
783419 1826377
552807 1890898
1777696 993099
290044 974684
203230 1215957
647600 5276
1116934 1208680
1890914 1062892
601382 541536
568963 1611170
1900657 938415
1097126 1180029
1233917 372327
1389605 1138051
1709360 1030203
1117858 643417
1908801 531977
1268630 1349057
1695878 1755134
148782 1367222
891281 1326857
946106 497122
1380221 1045225
1034347 18510
1163757 1903625
686781 32110
705182 1086933
31703 961300
342574 500873
1601072 762182
1300192 1969396
522189 955596
177214 254281
914224 417182
525615 873275
1200230 607225
1735840 917983
1001599 1863008
468928 1524886
135708 933890
1245390 892466
822415 1088366
1697016 1515860
1207617 331324
1213622 867722
268885 1474263
1239449 1144194
1785132 1129827
859502 149916
1476351 1883076
434878 920893
1857928 1530869
1275259 1619078
1059165 510823
804902 712263
401451 1834459
742163 407241
23309 640896
675178 132022
1609611 1057155
1540554 814497
1592719 1482115
483300 908380
1171866 1571029
415707 1035393
1259138 93039
1997289 1939691
1891641 553708
1506888 1067599
206566 928629
316679 216562
1487404 1562489
471972 1728978
89292 1769426
752403 1934773
1562763 201738
1103333 1150675
171237 1017943
1617739 1511506
1663795 1113545
1382537 399814
1054939 1413482
968443 431531
352914 1150993
1951387 429404
438415 1515383
1382648 1772377
555958 1656467
36441 1388887
689796 1811698
1205213 1353899
1792681 918632
143445 226095
1519095 1782028
315909 291120
1979272 1496689
1103742 419721
285604 557883
1564 183292
1171183 844521
728857 1148106
1708782 1031337
223340 810415
50430 525259
933915 1905613
316719 198486
1309888 442164
1213575 1994702
870345 1681710
1581722 1696621
5700 1522299
1847395 362512
981293 87164
417698 1624273
1781062 51266
882054 292626
1665954 45145
1759900 147327
88751 1475875
1400014 1542439
1970955 1628862
211925 416086
593565 973537
1660408 1749375
1270783 1118595
1061772 1089395
133151 304965
1305350 432343
881685 1715649
1818380 1908049
509153 1515567
1484684 1488645
452922 86113
837821 1439209
1411881 317900
1214182 1641459
1889682 1142593
1524557 34574
1450017 468376
859262 948174
410577 1976220
1038631 341186
1543966 1059004
1956729 1013386
522036 731038
1858932 1153584
277218 972937
1756261 1976640
533370 725480
819568 1673136
1136407 1468341
324324 713121
1334963 670242
1253317 1539913
1511015 1545054
802834 1032521
1256226 1593597
1503851 970864
715892 1470584
1057534 1391344
916860 1433747
1850777 1605905
388158 24473
1493412 1538497
1543138 113138
1357616 254500
483595 1369873
859102 1981886
1312177 1844483
1643758 141728
1625967 1867896
1050530 1720452
657489 1952255
1561225 1111739
1550787 1336805
1909972 1092715
1237167 1829920
1608219 1799102
277122 63186
1741035 567920
150079 745812
674495 1938737
939708 93205
1859527 1220556
1407246 1320610
782384 1047063
76560 1927524
623216 609493
696224 814727
480617 273582
1738372 796174
941328 1882582
457960 1375572
1876431 824534
612901 1340357
542710 309934
1358394 341836
1331588 551072
1134617 261482
1566201 1927652
440650 1422335
1848223 1836132
1819538 373175
1878798 750542
1215112 771231
452887 1046686
923736 1027300
755550 1107117
1279982 780650
1052649 232383
1487916 1046203
470216 1787364
1274247 1443055
32065 232347
1720533 1020432
1987665 1627142
1834016 789449
1105444 1091310
319292 1855121
89070 1939517
415117 1613172
1057559 949706
436932 531959
35670 617964
1969857 1089609
1257281 1927715
1430677 332636
1711217 1691240
251699 756079
1544641 291306
673977 1703123
813365 293455
1674506 224915
248360 1710932
218057 1867723
47108 1742439
1222246 1429393
1033778 454739
58238 89346
122685 336431
1591202 1442359
271802 1516201
1234917 1950382
1536091 865689
1186125 1916141
1624998 974319
1615534 134277
1183769 16539
901185 1091656
1382813 1897914
111277 1829022
1563380 494640
1998149 1767019
1880415 1415709
771044 1629442
1741572 1485473
858068 519148
1525538 60755
578569 1451712
937409 1481954
590486 537080
568135 404944
356801 1300402
1796366 40407
54688 621339
1694917 64001
1629310 1931043
720849 1021580
1723023 988530
1861830 560482
1504649 916394
1833210 1593389
534823 1281584
1247614 1017137
187112 995521
462834 1767333
1402097 232480
1529314 531049
1401325 1940298
1349869 586538
5891 760710
468830 844833
1151021 812395
1491662 1231197
1035381 382954
1633737 1238208
1530951 916750
173298 289996
919183 1384172
1278659 310899
174944 833642
157009 1448623
1259481 1565623
926934 28896
483064 1439680
1710184 1506337
1594930 234691
199556 572682
215244 1476397
708880 1456759
551531 1897871
8483 1116592
589390 651336
1489479 1813270
1179290 524895
962579 1700008
455059 1556245
1749849 520102
1594679 1416888
1009284 826585
1970577 456524
788078 1324444
714382 182673
500954 1564077
527040 93134
1598795 1659294
841315 143172
1291128 121367
1789534 1898650
1699187 1550050
1309525 1516111
591706 698547
1915661 804017
91430 395023
1940516 956919
1217568 99451
381759 557134
1651157 877561
1788208 1708960
988227 1449918
722864 1952543
1548127 1915382
1944907 682498
1178596 1035678
394445 1479633
574156 2044
1203103 1991971
1252163 1632763
1259503 1130950
904298 1321582
1216239 1084879
666865 97498
1149161 1491766
1795171 1611655
1350189 1461942
669772 1966657
402329 1749353
1159738 608335
1579805 1622753
69130 1199433
1554057 1131511
534200 1574669
647485 856946
487925 1879255
1292119 761030
1490860 1308198
1810706 1349174
1683138 1795384
1489644 658529
365322 1689324
41400 218976
1612341 1741059
1542487 645596
205040 7295
1050622 1120052
424845 1700591
1924908 1606100
72590 383435
576485 1482861
17590 742830
758951 306922
470674 717398
124374 1350736
1661662 1230665
1022161 1336295
822749 391361
1858952 1385952
1249422 1230142
245180 1452137
1259427 1737531
1388131 1566275
653341 1345533
368083 260788
1394851 1842535
1540143 1606521
1843201 458548
262742 550990
576021 1272924
1895237 1515503
45456 1845915
136568 1948261
1205416 524232
6867 792193
1339956 626094
40643 47139
1432485 49613
31434 1776121
1783385 862827
1678465 852500
1224631 608447
1367313 1502012
257765 679870
887681 1208131
351987 803123
604902 1355799
210106 1062007
1182339 1205118
75652 1500836
1857589 857444
958589 1120972
1534649 1926814
1468552 1176831
966954 1506021
1490369 610101
804113 246949
769470 1362104
1609504 336037
1116005 1492914
631926 81175
810087 874131
121907 264058
1179877 1030760
391682 1218915
158422 905243
1276362 1644438
250528 745598
1569600 1922189
684965 1949760
187298 1377070
223196 1505117
13756 20164
1380600 230579
444189 510826
757791 1926593
48177 260301
153854 945282
1698697 42984
706637 481252
1695025 93262
1201108 806841
1815990 1414924
1340900 212710
1865076 1658216
329076 766964
378884 1683395
408901 629969
120733 469402
1012588 221306
223288 349362
631719 1595442
527767 730583
430393 1699508
196985 521564
11936 962026
1971003 1537228
1850246 1742884
965962 260671
1897347 1588951
395644 345338
594393 780425
1413189 1198537
1863617 1456449
582118 1958149
703937 977498
401702 331391
867373 733410
749045 107756
1958325 802577
1417334 835276
623673 635525
1711379 1676925
924325 1323643
1678342 1887229
794999 426118
1168319 1542828
1289884 702511
1799992 1326884
1380319 133109
268306 1959462
873056 887322
202250 1654147
558554 478573
590835 1645142
1282407 1295022
810626 1209657
971890 574482
855584 751006
1550160 42942
377632 1565099
365241 431199
168554 105367
4029 237890
1647754 1848015
54141 317802
805684 1073634
1286936 397563
1979813 1592405
347663 1423390
565789 177167
871308 1900499
182068 1131606
1695009 1237691
1111629 1867411
242897 727237
1155601 787681
1627464 431272
787806 1786368
439887 379550
211771 1974086
1114325 682967
42031 283433
1376423 813710
1120492 1579052
1885694 375179
1545634 1780625
1587461 829061
456670 1090277
1035478 1004010
20356 621273
699172 633355
1713203 1417216
1459837 27718
19631 926623
1857943 1515460
513646 218308
1789304 260338
1989064 1501941
1263369 71730
1900306 817714
83496 417767
191396 104249
452217 1768025
167623 1963218
1321917 1236137
758396 8701
339780 781408
1007588 424446
1134046 1943804
1723138 841762
1393068 1682926
779553 274224
1856137 1069401
1385077 178994
1610160 337723
1824312 1584438
373412 1418972
1183071 1622569
1634801 1359541
683865 281209
1409877 45739
635331 16555
1375557 1325982
1915676 774817
1952855 1891990
1391486 1854002
1609621 615064
877263 1974311
1814547 349635
855644 729389
58275 1776194
1620098 551770
817458 1474055
1734666 19790
548863 1245589
572244 1541177
1954583 103162
144531 1134056
1435566 1331891
768544 318999
1825697 647169
424603 1647192
1347908 1155545
1979869 256942
1780115 226879
600259 1071019
1784813 1587250
218303 1745082
1877936 330026
1799598 903887
1699088 646750
36636 1605640
953230 1292816
1500905 1827830
641777 1806366
1759332 212733
208546 412327
814492 644349
651532 1215257
1313683 542734
1157382 1020780
538039 1240035
1874388 1679498
44856 1581065
543148 719394
212017 168608
1677521 1241092
944726 476263
200147 979265
1690433 91639
420694 1300433
66049 1051981
139827 1370288
704663 1560218
1276148 1069463
218049 1969080
1009984 1524961
385714 1498908
565321 1021885
888170 637941
1167015 1453605
1410904 565580
1391917 503816
1767574 1518872
1926086 137828
1604001 1210764
943131 336044
1364280 1268780
273773 436831
997724 19224
1623977 1022635
1848121 1111249
803590 1894782
119421 1175994
1702349 1598091
1251321 684766
628549 1190523
390809 1584312
1210036 1423697
1755804 1501637
1734254 930655
1631770 1824564
454119 1540853
910974 307425
1900577 1706334
1510268 551457
1097131 1731736
1988274 1100032
627339 325603
350059 1750405
471034 24819
86250 1947753
1528753 1389589
345125 718813
1835564 394595
1900653 1101016
169105 1827997
421893 1339844
118173 333504
1043862 1242901
355496 1711333
968039 1881888
932890 1581729
232591 1911594
977089 623000
5338 578743
1658289 1828269
1855893 915976
1840464 1101376
1084742 1066818
616002 588661
560544 864407
1535061 513038
1226112 551597
221359 43301
1244066 1435422
132566 1292574
1838773 829290
1901164 1604397
47484 27971
521153 799532
1679778 1480370
615904 25418
1826670 973967
1807446 86391
1901165 438296
252716 986502
1027710 1180130
1716939 80151
1184974 1946014
661951 881677
1382946 19681
1331196 430508
559405 1224553
691135 1803712
918383 595762
112222 967712
490155 723358
318148 1909201
1614743 651738
800739 768340
151729 1810219
414716 1466427
1603555 247696
1688759 1765258
854278 552192
1279043 569750
304682 1098112
989070 982225
1958368 1016393
565824 1907264
927067 1008018
1762676 1225940
1688256 1144675
358687 1314216
1511706 584172
87616 250039
1980241 535594
373568 683594
1331323 1650637
393899 271148
715101 1416174
1237376 1757043
693880 1519970
482713 1212235
933241 1052936
934317 115721
1112433 1373943
1713701 1586670
1600193 1251513
1133062 844917
814878 1314338
1062344 629662
825546 1297329
1147280 792543
814503 789206
947174 1216448
901742 1690098
1455191 2160
451908 1718965
1869922 1394601
1418126 975359
1000360 994017
1549761 714495
661883 183367
150243 181716
337487 1345958
263700 1342588
1622857 1467625
306205 1059182
1254088 25871
539703 1287854
1465963 2203
1782982 1273465
923953 467175
1120803 1957208
1043341 595706
1630052 153031
1171705 1864363
1807096 954293
347246 1715061
1310902 1860097
1307160 968907
1848990 893474
795415 680575
1716784 1669328
749496 1620089
1013582 1116258
1639225 1951289
59602 356629
398531 755798
147248 1810596
1270170 219789
1663619 817343
1610683 1174098
269086 1908919
1628020 583865
573223 411763
1832041 1203262
739383 1398074
1707937 107414
119441 1769720
576982 1696443
1240718 1005632
380731 1013242
928706 832917
1069153 1611633
634331 1972206
1423602 1680210
69625 1279497
254988 1883489
681759 1035219
1938561 140048
1027070 1423097
1912251 83951
304508 1159295
1044524 757703
1255750 1561000
406829 622614
419355 1005424
1877932 1209971
630284 1168671
1518851 1230545
1595675 519279
1553229 565135
189296 1445203
1811253 355462
1227309 1019297
924004 1321094
234330 948703
1820100 280661
339684 164831
1164757 1861804
799453 831631
306739 1349297
856292 1988043
1536586 1728170
1382611 1132486
1171660 1273047
515576 701278
267332 1164145
273976 1405806
1839067 1957452
1036452 788427
1195268 1563939
1859387 1398823
1862282 1932421
568023 1537021
1423162 1101822
1072430 1999539
1111942 915779
1327455 315678
512624 1634887
845751 1050613
535087 455627
1250459 1903856
508908 867524
1402791 350563
893763 608370
275273 1571943
1233710 196034
997608 1816398
187934 391509
1059513 1164142
1729366 1052177
395295 23236
412890 692574
1331979 537932
1880174 634714
1082077 528346
1240556 1438207
1123713 1156972
775643 1493445
1096236 1556792
720045 674678
1828118 1318614
366299 1903537
752804 1309285
631323 687135
1927874 1664890
284858 1388809
1315882 477268
605974 994909
738905 339390
1897834 1929919
456526 1013758
1060960 1487780
594964 1932349
1771093 393951
915771 1342931
851583 482549
1926039 1252367
1973072 150168
1305129 1049273
1341996 182905
1823701 275530
1699198 498275
30057 699434
591854 159706
47579 373969
640396 591206
209523 787022
918568 299820
1926765 1929822
1875838 1578479
170272 1213719
1885678 945999
627373 1650416
732725 1388021
239511 90074
770601 409578
1293307 1438215
685157 1940957
532368 1269684
1489068 417488
1020848 527096
343906 1811097
851826 1002348
1947188 1865045
1730963 1690055
842232 1953607
332493 1303452
968032 899001
1301564 485605
1148332 123575
358113 1816147
175107 1697005
169296 1949803
1402970 31905
1880430 443542
797315 433123
1664577 892251
468092 1891818
1753447 1325754
762249 872813
437247 178299
1691223 1013950
951856 607927
1252092 321402
77671 1322203
789731 561178
1857797 1650456
1675211 392145
882106 1955007
736349 349741
1890126 1191639
3932 443335
1685803 526886
586181 1023774
370365 621430
1666906 249437
1713166 1475267
1575955 1609247
1075324 1622774
874897 643358
1299967 1006559
518086 1449051
1911519 733496
1182525 4025
89813 756177
1292348 956350
921674 489214
1716279 1657833
369634 710188
1859731 843983
1015105 41041
1083658 444709
205878 1173026
632578 1434619
1389114 390869
462655 247412
1972717 1365698
1778971 1089248
1259950 1423216
1044122 1725614
1819387 318041
1212015 815430
767743 372816
880587 518531
771786 779112
370665 36937
1424987 543576
8990 1701701
1434815 287779
1623612 1450393
