421 1727555
1634525 1018658
1188925 1918899
802037 897810
795049 438514
303459 780141
1345850 795748
280277 1868121
452554 1375305
1066426 914290
1799794 1692741
1326917 431616
12587 1131768
460512 389097
1927210 1631921
1074247 41824
1455385 1448146
621830 334176
822661 724237
1819514 1921213
1967009 664340
814548 1042112
1711650 871579
1445956 185667
1901630 1866857
544447 44274
1640465 1427078
1086404 80047
1537424 1508457
1101390 1320661
1622646 1900467
1708661 157266
954236 80089
1489453 1991795
1418594 468452
320551 1340699
920678 199912
283729 1821279
13163 1597291
1445343 923629
1888202 1200895
32493 1441051
1439574 449272
820696 899619
1779320 1250993
1818366 1214137
153453 451039
750193 148850
1477473 1641156
1790771 342600
1706095 1924168
225975 1327043
176816 1163839
1648565 1123224
57122 604880
1578138 1641445
1177267 542261
375256 875291
1022556 1393488
447110 989933
308064 1522060
1803833 1125629
242200 412798
424837 1586283
788038 326197
974514 934902
879975 1163371
1719033 1485763
1320882 949666
1264999 438251
1804056 416062
650205 1376377
636368 4973
1094106 1376008
839662 839417
1641135 1221080
744794 1948702
440458 1837608
1507924 783795
1710168 186058
1135 1802228
1284462 218040
1540767 281750
273293 1950364
1398355 1721465
1767780 212514
1243196 1072215
8761 1584620
659821 1132765
1427381 1228635
934951 1709448
1162702 60697
39176 1913036
1475362 805841
627967 1312219
616593 571159
96783 1544690
1258361 1581369
215434 285715
526997 807451
1491400 529868
467397 770229
290464 417224
148965 1135133
387494 1813986
1773603 1512846
1058431 41504
749510 152512
1243863 1514589
1253764 462641
1216416 1392327
1417149 1087470
499247 1367561
1326971 1282099
1444431 1558538
1068380 857760
1066975 1258310
1608049 753888
467486 361940
1279934 57140
1027700 721577
1862275 122451
1221938 1576595
935862 1219406
545164 1392330
747507 1248869
1441859 89379
1725794 1060729
957225 232090
383588 1523002
587343 1844575
451058 1278599
451678 1322562
766373 850153
957576 1753305
867402 1372560
1637310 785099
1360819 1675579
56532 190716
1526020 1237045
969699 869827
1943675 713671
526218 1927641
1080202 116981
1014910 1872184
1149244 1183600
996700 1248245
1734496 277056
1649441 726963
545031 1305360
600491 346918
1297521 1679477
364933 943845
1473958 1578552
30110 1217992
1684536 690887
1373283 351094
613130 775001
1479034 1444052
1031717 1579438
819057 239032
1888476 1507583
530553 1728667
1694290 1846193
1260532 1449487
49274 1649439
689487 601164
1935530 1600626
1224994 1887266
142759 588357
1913058 1693697
1856297 84566
388728 294100
1779320 1363443
857497 149580
393508 628
1052586 439061
1720302 951635
577473 1188806
450193 360764
339073 1778222
1889350 853373
1185436 1773111
1875808 1703674
777346 905850
1942664 957254
341164 861818
1002124 631930
330401 308654
856705 1285215
1720365 1062447
473554 417050
1393261 170729
1319113 1350266
71003 1212678
387821 1558603
705841 1952936
1047143 1220
808150 1477527
245937 572978
1585994 1728332
800760 351041
1105980 1284089
6727 1197318
794992 1574586
217139 701677
1444281 1218668
1382770 1753766
1562612 853742
884778 1911394
371380 1498531
121346 241655
419877 1300143
328451 862451
1996485 1755600
1181005 830930
574715 476337
1375136 333588
1546818 395087
773363 41299
921181 1518256
931120 487136
744079 1221972
1005315 1455064
1190533 1360900
423338 158090
704937 1082306
82134 1736427
1500923 941073
1315202 495243
1344156 1515618
1369925 1968644
673817 381740
1876044 1253406
1369093 1691253
1077972 1688899
549153 1333865
1488056 38231
1479422 1083658
1810765 577412
320032 721638
1842804 1094500
941824 1502907
663180 638968
1032169 1663541
1178868 834230
1616107 507478
927738 1570851
1536057 1109731
1631538 44959
1299148 88372
640444 1707921
287946 1795113
609051 250371
133 1319877
1053226 1426873
1837086 369883
1565616 1723035
1912158 680189
1059535 399774
732141 686983
282011 747593
1700882 1318703
718786 1482915
1086140 1190317
1825428 1425165
776545 1376823
1040949 1898217
260294 668116
1024043 1295027
784828 1242729
557294 1736919
1830581 1439402
592516 99961
148014 205457
15438 1501957
1663008 1632453
491339 1740455
611238 1623453
610452 1854178
66718 1757379
202949 198417
668819 1186699
1190598 1989707
1080706 1755539
1078250 1125783
183769 1987926
1366235 1156383
433191 669770
1018293 786492
872035 703032
1757007 661250
756049 1441927
1748951 1665645
1050767 1779227
505285 899179
1642513 866760
40275 975426
1081173 683389
1415389 1477655
581926 1137489
1136133 498009
1069076 1170766
1262762 333191
1869030 914408
1972285 530403
1841609 811390
1067121 103783
1541761 1030248
1223102 1364423
1162889 107721
12927 1263285
1214130 1997854
992630 120515
1122560 1711800
1469969 1400071
1404003 1643105
1499020 906949
325927 774847
577392 257462
1282501 1166599
700449 202589
1108237 1255667
1582759 1986457
968656 1056584
647005 809759
145786 1168983
853635 70379
822242 1456606
66603 1893534
606498 674036
93576 1574861
1099868 113196
1683193 392403
1017710 856647
978378 1040306
623731 1721422
909946 889912
1725623 351329
1610145 270390
1523392 328094
979704 1965927
657989 1572677
182184 1736510
224099 280271
557004 218690
1359585 1126469
294483 1366700
419265 421572
861145 1256695
1969219 1236252
1023723 146603
1698718 954130
1469103 175820
1268191 1443721
326174 1821225
1431803 215907
357130 1766822
744153 1744611
1992216 22458
928975 1753026
305840 438395
405972 358514
347434 1460293
504587 1871011
124118 1482788
819408 235756
671718 561595
1805972 1429349
682488 214990
1145759 209789
695617 926267
1066567 600797
1400765 837542
869744 649528
858171 374801
172973 1509742
190188 1482336
1843788 1604777
237727 1394068
1576368 779503
574908 1061981
800433 1446519
1035334 713630
535860 431386
1728906 381430
304937 1539203
153224 1758923
1333214 1158521
953305 1907698
1552702 1019515
368703 1043390
220538 1246056
335291 483166
1965035 949256
178191 820700
1423846 284612
855272 1593856
618285 96552
50608 446559
484834 1276618
81755 209026
1738087 139801
1118909 1827873
411986 1117366
1546905 592218
1633359 489874
907452 1562784
289631 714679
235624 1865415
1210213 688676
1870256 113613
461347 1873460
1749157 542834
1680795 331456
1861521 325420
1034369 121631
140677 1349018
31490 764357
718180 403337
1398889 1441611
687334 1367093
