485 514643
932829 1548054
762575 1755125
965921 901737
722363 1515966
1628026 362381
139241 1996944
172867 1094366
1080064 1334261
48928 220295
1989182 1129426
1795672 591867
896556 198320
1704387 545780
1101343 776489
415671 1880350
1520620 173590
747037 440804
1992484 579482
1722383 1673564
1010316 1473097
1400968 1090029
712966 1027297
441460 426519
1893226 273531
1996191 292309
290243 940920
1811521 570424
645773 912208
1777540 55854
773739 449876
1988673 1021947
1884877 802233
313147 1071449
1740126 396526
1650278 1802864
993862 1725728
1793469 1863517
1343659 310390
954562 285410
16489 729113
1271526 106631
1044229 1796303
1138731 1732184
1762548 1249098
1559838 1566143
229580 1177899
1855917 885431
1654600 749180
411010 1203107
420516 1214989
1155178 1617160
1952755 1688470
1592780 935180
547331 51786
1563778 275743
920037 1223721
1737413 660618
1234612 1045541
1646555 1842215
682957 255866
319589 1768150
1697550 1103921
1472454 294988
280696 1472436
1518722 1368134
374584 269788
347199 1793351
1403124 1461715
326497 1414813
1850953 1115217
219280 1944004
1205988 1277888
1689859 551736
1109190 1751606
866708 454000
1941556 988304
302668 1281011
1803336 281157
753032 843798
1216778 1188470
206511 744225
113764 197828
1028826 1137536
1884500 939457
1760294 336575
1805558 1150170
1812375 1970694
1829812 1024047
328203 1302538
315689 1960054
1790103 369922
1614263 538799
1418087 177831
460444 1182992
608049 392967
1365320 225877
1294910 180659
140534 1833896
785929 1992618
1032908 180533
1568344 206055
1332491 1956862
527572 1152576
1003121 1003787
403689 1767894
82994 1279070
1751156 978862
1415085 287986
784751 1408213
1162736 1460595
699275 17261
839386 992835
1020432 422900
221725 1132957
1746981 1601613
1645168 1097754
1175634 1101573
717513 1442964
308612 429663
1344973 541779
1976608 1631460
1772275 972245
1263557 548949
18826 689216
34412 1497798
1755430 1572778
1844925 1893435
803854 937544
355731 395785
943851 270248
820946 1164842
1042984 1669596
967907 855222
613032 352412
453346 1489696
916637 905323
1015905 1737388
1918704 1481901
1986321 546174
1022006 884788
1158877 46027
714934 333592
806810 994304
1646307 120559
702821 1802477
1958664 291476
1399029 1807175
1479647 1870460
1491664 1056888
1582796 349543
736543 1644666
633809 1996835
299450 1788776
1608718 912687
1937739 1315116
1579109 819255
1073863 1013234
603433 798930
280371 1198485
1468681 25717
231173 1799106
468618 176650
142521 1573850
698783 75708
1948302 739644
1842843 589976
390170 1622926
509115 840316
1404785 812322
1248459 858869
1890616 1282273
1667079 264796
952789 1419597
842002 387679
1293865 1267600
461265 1415627
544080 942248
1984579 1423827
144711 1349660
1072 969068
1772231 1548752
1619477 1798607
707716 314384
576972 300723
1913612 1462601
96701 1846088
1837180 308273
307625 1857736
401069 196347
1288477 574109
497343 16648
1047292 108548
1621832 1862714
725833 1373542
1948755 828301
1959661 903076
1205877 1357865
997854 623464
1179327 549407
1135990 214636
413931 206957
736352 1147729
474257 1047257
1410864 1814549
1931647 54457
1762563 692760
700888 267204
1448071 1762086
1951304 1810892
784562 1642499
1878648 1697839
1809863 1592426
1838511 1033510
1544997 749911
1992504 151197
832885 1504336
1290424 32357
1709269 1706842
1974529 842270
906340 1371880
50502 1736894
569527 1886650
1204571 1318940
824491 1701443
276767 1695661
595856 1011088
669258 641822
1413903 837651
229604 1132539
983115 973464
1342298 80882
968811 567876
1450672 1351317
33216 122527
1127124 1659374
871033 310844
1511194 469761
889571 186508
1529100 126965
856992 686619
2994 595047
687635 1714375
1152256 1938848
1162528 307783
1722097 1329125
1762052 1671891
1977773 791723
1971353 1783334
1476423 953989
1193575 1678431
1170790 419951
1663113 102524
975961 800636
546121 644340
1876320 657030
1053584 701812
1002034 1641125
163810 608303
1803402 196871
1701351 1735523
447570 1445483
1767319 33739
1143100 982032
1463646 1356196
1176431 979798
1375333 577572
109552 1650920
626060 712850
1263705 112062
687937 1786681
1479052 163614
150 807696
692544 1650682
1275158 1714473
417312 1175035
347062 1257094
322101 1909842
582307 192869
1547487 1894389
1639589 938929
1137479 115691
1984972 347652
914900 788272
1622932 393933
388044 1608321
1034123 613137
1752719 1206174
1453721 1690686
461430 1662624
854067 1401259
1250709 1554648
845043 1249841
412676 1536350
995970 1050966
1250386 1410337
1881914 404747
771093 1838457
6886 834216
1736836 807766
1816199 536728
186396 688587
611702 1861502
840073 582800
1857666 1009983
1358345 1069356
618085 400957
515312 1579750
1271674 548745
692277 1475263
1132155 697630
604510 151131
361407 201457
1164108 657750
1948673 1366122
430850 1117154
1065075 659830
1402947 352126
248392 1827884
1434013 637327
1439025 1190141
784393 1320861
1089013 517387
1570165 1409302
393631 208893
164850 380013
1466632 288050
34363 19324
915318 1685362
522378 1072277
1556041 848799
1094507 262520
850309 1728512
1925931 928201
596172 431503
1451198 779453
434358 880912
1199722 1867573
1146203 356317
1551230 163269
988542 1989635
976922 668696
947568 1838660
1033339 91021
13588 1748749
374002 210327
1697776 185794
141685 895033
1102291 1500633
1988607 1351969
1787035 1848405
1904388 1823334
1371311 1506047
337266 1496623
581572 1659361
23567 1005041
1344048 1566590
517766 420787
488896 1310006
1975884 749091
1222436 1598837
524212 1587406
740647 1812542
11848 706634
1568142 93007
1757279 434944
1532395 470083
387436 359455
1570856 419133
1178374 1973532
291518 721626
719959 1860891
1126000 70549
1528054 858715
1940625 921803
831024 1661397
1318705 177470
1242403 186873
879426 773076
1054543 267871
816141 1425610
51345 1167296
716615 790567
466545 1705006
1733411 1685867
787525 1230181
911952 1825252
623129 750207
1269523 1080651
1493704 990624
416369 1896938
26167 676150
1141403 1886193
1099052 1280734
1995815 1995633
1143120 1457013
830395 158555
839288 1852143
911078 1607772
382677 1237136
651953 1639109
942642 246425
1532352 109480
421222 1781371
1468879 888597
1209913 1546933
325934 710580
1566066 855661
1204658 295489
365245 744499
51233 1298405
928118 70665
1410684 865551
812307 102274
1437581 938666
1331036 1101509
1397342 728217
1673918 185500
1802644 658958
733677 1291534
1868795 1757800
197590 1376676
1866303 1417105
1982779 24934
1742729 62224
1631963 134026
1591477 1463362
517662 549433
1966355 1628746
507920 995992
1556875 1991820
1989198 1131105
1157329 1460165
1847546 1823792
1628984 1830015
1240044 1180684
55836 954021
1540219 1505983
861676 396416
1136589 501572
1546988 1673159
327553 1631243
1459337 943649
1077182 1497087
1767254 359187
1993147 1140095
1351660 1801067
342378 628087
1568797 524378
1794911 918781
605623 1531877
991615 1365193
992564 743217
510824 664088
1847173 1678058
1566800 1965866
1804606 160514
130065 207435
460630 1859480
1304576 320504
510853 1425243
1836618 1221079
775809 1054487
1823409 886506
289532 1685472
974541 912836
1448476 6444
177187 1658898
946740 123405
1274357 942288
368396 367253
511656 230169
977324 1142858
1502164 837920
1020527 1224622
379724 1013993
1052315 820998
1884240 1787293
1092841 736798
436987 468694
1731370 1594903
1302113 1585421
461182 1996700
1856521 1582780
910893 391547
179007 1092527
