993 304324
1165480 887305
1912213 816525
1677418 1953464
988649 1241632
1742684 852382
1834612 298166
1028448 1579543
967671 1125391
993273 243270
1764936 1768000
808222 402774
1881310 520859
16491 583590
42703 964581
415334 1777223
732567 822423
1793234 1145076
114679 197445
1245507 1007211
1039572 1576211
406892 1271107
323371 157139
1294519 1609290
605808 1061194
1063734 1859952
1031264 1673293
1782396 1373595
1239232 1293900
494390 1344014
65674 43964
261310 1450759
1810688 1520585
742360 1080090
1574553 1818572
318176 893744
1657768 1838307
435694 1458204
1746191 1379219
590171 1239100
1227952 14866
647321 1881054
1579755 1158667
1119077 1395423
420601 1049624
1857625 1957167
980333 1602057
1740858 205107
717708 1337301
1532146 1925496
676800 768894
1389296 1495885
1917587 1941866
1733688 1052300
101308 958793
1199073 1754675
1467911 948665
1922935 388330
1195635 1550983
655793 1380996
1313777 792468
920705 1656831
281204 1487808
1824919 1460705
893796 1764564
1589889 131082
1522295 719551
1653020 247715
390427 1577715
1925376 1536257
1975083 1220381
1123492 821107
541734 1392617
118142 313964
1795298 622294
215320 340338
1023411 1449179
226136 1949465
1798012 896784
688087 1524842
698265 1647790
128443 1023215
437110 187065
1599268 1105067
401793 393766
387043 240561
603906 980222
719646 712752
1677646 642344
546269 996346
1869537 1456574
1606189 698591
1062354 752424
412515 25404
1187071 742900
1190329 1844446
605233 891524
296569 1251315
1247700 1131611
1898560 486746
1008925 410278
1312147 777048
1202299 1390939
895707 237275
232685 425251
272940 1721442
1323240 1935566
1694515 560274
1565381 520126
1390398 694475
671053 1229115
1678226 1186867
1509226 1059034
948986 279191
1733590 1512685
478452 1685878
992455 1998924
1455800 1781092
1854666 1751548
807142 1197829
1374564 407071
1375587 840847
1548857 1120871
1862762 1252176
1015043 1604541
1802679 601724
899820 1547926
388087 600698
1693769 430544
721193 366974
1223666 1637234
830881 161349
1779975 749875
631913 1304947
1983586 1042767
1598423 1039243
1780508 180430
838603 1844486
680599 783895
673315 60626
1963800 1141958
1364527 124835
201641 554261
84648 783992
311292 1281897
953303 674997
66419 1846065
1592054 459242
848233 996714
1833626 1248220
1987953 978584
1534635 1758866
642456 697448
469090 1461638
307970 1976112
116002 1116180
1238514 943343
1626652 143715
1965543 521809
41125 1655049
1178423 1730744
1731445 591532
1269008 505516
824716 1668971
1025016 1098022
23744 1817602
1921485 104741
1534243 745822
1835035 1026589
1917294 930838
1255382 590444
724530 848382
304490 1876147
572521 1749096
39866 425829
1281242 728882
873463 359833
902690 1527660
561910 1119970
18746 652309
732062 369283
1691785 1404317
1459772 1855065
1280987 194035
460358 1794172
1420638 1746083
1197188 340410
777821 638367
3212 695402
720569 813984
818244 374744
479732 1038953
1596277 1959801
1401121 772687
1270981 137094
1561214 38814
997232 1903213
717810 1403884
1983772 993031
854900 1943218
753839 1453412
1277039 929177
1694601 664119
690706 1450153
1543037 821223
1125219 408313
1413812 1972068
1041178 143984
422724 1737821
166546 1562353
135196 1455613
688255 612775
1744796 1733342
591752 380085
1146897 1194515
1131764 1206195
277120 1112774
68069 1811858
1222226 1938950
197989 1312252
725878 691873
330956 1113396
34788 360659
23495 1416986
772750 1795092
783224 835514
1755550 115497
1405704 1818208
1383895 1760612
1753920 164902
1134484 251067
1423403 1850733
243337 1540706
426379 278391
1098004 450434
1715769 691665
1428208 1246539
1020413 1977740
1753089 317909
1719556 1708552
355439 1050814
371102 815913
953932 282284
957361 873452
562241 998763
677553 1341257
972486 1801377
1501286 1119156
1398251 1236767
1825648 1924470
913541 1749531
643184 516317
285170 1694747
1344253 1210186
1616832 587939
1533895 1517426
105400 533043
1459391 1463049
1262209 662590
1967281 764809
1445281 1640297
1812227 428325
1433814 682461
606582 1699626
1480106 1256311
1895819 658985
1153541 1818640
175363 938857
1721349 1010149
1295433 1008844
1999505 403630
1051693 580330
103114 1679928
1414527 429433
741928 634496
985973 910919
1682065 1054065
1293014 866454
901076 34744
699575 943535
704797 1331169
310240 1905247
77065 1078731
1528219 1164083
912463 1898939
713552 1794741
625638 1798508
1461944 622457
372994 1347699
1576205 111387
1580483 575819
202329 1589043
1645606 267856
762298 655654
1754831 883294
253672 1846283
815859 1786185
261649 1705972
196042 332128
1676495 984710
1918944 1097349
1122465 341540
523304 354237
1279233 1148367
797623 12443
1054275 928949
83863 1773629
289432 1015759
1889785 1990253
1367414 1239638
743395 126016
961723 525791
848201 614908
1737815 333082
1219604 1462290
875617 494973
1911432 1683619
1711279 198435
1829809 975788
1978447 929086
255343 1576887
1256158 699158
460111 1670190
1811803 388146
1412613 869312
1228532 505228
217472 39869
616332 166292
1547608 580397
1600617 711252
739503 536620
305853 1049506
830981 1190784
1298855 1577666
565441 1303396
336187 186809
905878 1588353
650506 679076
1576427 1927852
1950808 585172
1739629 1866991
1920365 1705575
1952641 556984
94331 1820073
1800489 753760
1583841 1744983
1874819 1700685
914798 1441430
1365451 176193
1025754 1262680
1602702 702801
1585942 1831650
1784516 216759
1597537 1229925
1562345 452548
1739908 1705017
1056148 328585
1955396 1990518
474048 12897
760100 1089147
1795457 1887217
347964 1473576
559861 1536988
1615198 1143442
262501 1463209
1706961 373187
1600850 216872
120403 337295
1228222 825973
463105 1758647
43552 475578
1068604 1295055
358587 936745
275126 375355
1312564 236339
1979379 1364722
536260 36722
1035176 313450
1539451 1727013
525881 1562216
482643 18421
575252 196499
1716496 441276
1106486 490101
1329607 31656
878860 1401688
1802661 455229
1635049 488218
745449 731279
1734541 839602
1278221 1397025
238296 733054
1144761 1567308
1221849 1925322
931046 797698
998153 1849209
227522 1280170
1354328 201955
942394 1976698
1860584 1357445
536760 1571930
240405 342006
898822 71219
1811008 600182
981560 588941
260810 1839391
575322 1558455
1988985 1091955
1897896 671954
765421 1619416
1163709 915390
1038340 201685
1583588 1341665
242245 1801582
96189 93445
1401816 985827
289768 1487649
1990580 236256
1048585 310963
355413 1662558
1244018 1385531
1193580 1386094
1310168 1240850
1158963 1622989
1380220 1356487
1675792 247531
409889 1536566
867833 1394365
135374 554596
1477938 1089043
318193 1201641
1970479 1306690
1686171 487744
214551 1686882
333991 306350
777536 1258580
1290263 1170588
866638 806994
7735 1491321
556939 1060851
556341 1369191
249099 1146720
1384602 1628092
1975710 1584513
890248 1374595
740121 709229
1149497 770778
1573974 605959
76323 1888129
86027 639950
1150312 502600
595053 1310624
1582348 18893
1648050 854550
712872 473568
1671410 1116535
1198517 1075605
1087548 968202
1049762 1128376
851739 287879
714422 1068547
231552 251655
361016 827545
1007349 1765174
289380 1303377
1828898 250541
1216866 518507
91971 1789495
636292 239710
169538 1652052
115087 970973
496793 1176942
1576559 940209
1521367 1135381
947602 627093
120244 1039874
1641342 1656481
1705643 1676666
143476 377601
102373 1424900
554971 327619
1283665 497496
1344396 1180043
371714 1994585
1592894 732215
1711131 192066
1369359 447676
428789 1984467
1655285 1503870
47524 57334
1368834 1178695
275861 804550
489899 1412173
704228 1239448
1840283 1031150
991673 752945
1994690 1491067
1835878 1290260
945156 1454016
1604914 1619873
760775 478003
306272 1807020
1402672 1866156
1834643 1244570
807836 1911233
1269662 1917377
1384676 300306
1634408 974523
747415 349700
15242 741160
626862 1860037
908469 510401
256165 833278
223001 137151
700573 661903
1706516 1714411
924514 807173
1527817 412613
580314 347788
290708 1474507
101616 1919002
490582 1092399
1488124 436452
1830956 1517521
880587 1651940
734787 1530525
1704105 1319871
1604382 1673247
892071 1570673
1410377 768253
1361847 1591349
1773533 106373
302883 1532301
1238284 1644188
962628 960178
1875384 137407
1053152 1767286
7689 1901853
294003 1806783
1042922 597903
1963443 318556
546481 1081393
715362 1435392
1206066 564821
666284 589365
860317 33711
1803939 68432
478527 52583
1412645 855398
948914 1794449
661578 160655
14750 1064617
1092388 1933109
1545814 33729
1422966 1092175
1356237 1921525
1934732 684394
1439733 1203241
243239 1596955
1424578 1779173
947961 798164
850364 740976
1058969 1623656
617602 703967
1525926 586116
1243666 627199
1494358 1654117
1016923 1284558
900615 976506
1573141 33337
1825072 371319
1086758 1600110
853295 863155
1449296 1002826
428331 312722
1920835 170262
491197 1128263
1100901 1841205
41338 1314380
1923112 542579
706826 1805182
539907 1129317
1058174 371478
171401 1512773
472284 696819
1483990 1779002
435612 1987610
688446 1184125
176151 735949
370893 1317654
1788145 725947
1769644 1429037
757599 66437
1015088 1099538
430313 1137569
1657124 1646502
745778 1608963
438379 1092085
1506481 208639
1700500 1780884
1698667 1850595
979590 1086054
1132039 860797
1047570 851202
267641 1052635
1136590 672166
197255 1447470
834798 538046
710228 1843807
458858 175113
1007883 1629277
587579 1068107
707096 922719
668177 8903
487199 1399720
3379 467639
1349109 202576
842242 872613
1081265 1622180
916233 44840
1620647 892668
119088 1857932
1191008 823405
374479 1204441
1725477 1437408
969108 1961043
140629 317361
263520 1086593
1691659 1684114
1007527 1646282
455422 1951123
1137649 390284
1451589 1552445
1347228 982021
1322775 1284093
444564 1710042
1711333 1809700
578806 530853
219425 969853
668441 1317864
1625622 514013
1412068 1805240
1571884 1365419
1620856 400265
1039214 1850115
301034 1654014
1197367 1781510
519865 718348
1638063 1293777
508461 58477
1053955 1731537
861565 1864424
662325 256089
1003604 1640206
1544187 19683
1214797 903117
1031659 114453
1356545 1494332
1244298 839492
489158 89805
1884250 999728
991296 914069
631855 1212585
1981397 1026910
317456 1599106
1329282 1915501
1631729 1351996
1666968 1025597
30998 326863
295238 1945963
761866 1332534
450240 1144070
1101697 301071
1189115 794608
700927 1566628
1012694 524966
1845612 637252
540628 192702
319272 1029847
108242 1730169
235712 1520692
1873708 1818953
606657 13958
1326233 1456339
867276 368627
1112353 822610
621267 1176503
1306881 1648329
338820 5320
1397223 1561853
432423 686159
335460 736223
1869192 680885
1517407 1479756
921982 1738159
1336814 690566
1747031 1645624
76814 628240
1574416 22
1049934 57465
1685512 1573663
809030 1233125
189690 1897817
54361 1617208
138941 314718
1082648 87844
1193035 853563
654580 1019472
907615 1650223
1328174 626604
702086 755740
645473 1597409
171784 1628972
1142210 1749509
203622 1517793
1803604 605244
99709 1134624
1205537 1181326
222031 1232241
213417 899475
1810108 944802
758397 725598
1542585 1529569
1781847 20639
828942 745702
1339240 1191050
549945 640871
1782419 31238
705713 1605141
842551 1404155
658468 1527926
1449495 1420935
924070 1040237
1887048 387101
1069008 1847676
723565 1255879
1452400 646394
992365 180487
1660801 118413
1743167 1865989
988527 149044
1568456 1716936
4114 862904
175145 1753308
430972 390739
1227146 76086
98597 1593912
1411305 598960
1654442 240591
1255396 1016545
959254 170350
205210 466152
935763 792111
665245 805577
659145 551316
1581695 479373
1607228 1401985
1383442 1791572
1369290 158030
421533 732049
793938 149634
1201936 1802652
1051772 1222112
1582265 232818
222509 1023290
1832053 234097
494625 1593098
1426942 1414466
1992086 1588201
424858 605475
1554727 1780191
101404 669330
711479 1640057
12052 986976
1469936 998937
294412 42218
1339143 1601491
691113 1346352
171428 1658834
1056322 177375
651612 1117130
749521 1648184
1611908 881101
1809900 926295
1374160 1709035
1637470 1535555
286687 1609824
1684446 1777621
37545 865768
774788 476924
63186 1897173
1444039 1909785
879822 1394861
1703773 648575
304198 729359
1288820 1894128
504051 1037394
1679243 1809361
1288437 1380598
1985907 559606
1131007 104339
1504785 1768471
690688 1951753
1721432 1240098
622175 1236048
1033165 1513298
290192 1343037
56785 1219296
109748 356206
693673 985963
1437694 312421
74532 631869
332238 634653
1589235 1192962
1850458 1933855
580003 948827
1388434 615689
503253 459546
1192943 1496287
1616118 530628
309737 1950685
1674561 1201255
1434736 879350
232294 1986976
261843 1098684
1738679 111936
87455 276432
1071918 231594
372002 1242689
1549617 942577
68851 207610
687790 1289105
1287848 1526331
490727 1611514
957272 149658
735185 1935524
1124289 834591
403935 237461
513962 29075
325316 1921241
385216 1648277
1693757 1081577
918898 691589
242925 1041210
911338 285497
1305418 1415653
223749 1001521
1551751 697494
1185721 376212
881094 1541467
1866940 447172
551663 336368
1217024 1899155
509073 1826635
1821144 1605793
542578 659988
195515 19023
933232 399455
249752 1526638
349170 49181
1340637 1632328
1877656 1425815
1641054 436225
1773171 91864
195481 1753676
1722825 177588
468417 116309
1201549 1624134
136649 1217139
1005236 815616
631751 734828
109453 1502025
521099 191597
5083 535258
1697978 1788930
480811 1718828
1351534 911445
1938758 1596545
498995 1620852
1347943 48954
69540 1497528
1570334 774785
998429 1092294
1305984 1514266
654409 111245
1635994 270538
76432 1062929
10141 743268
355085 597624
1992630 1322615
339994 109293
666287 794128
1511766 1336594
50949 266259
48871 585229
821080 119349
1034952 1683642
1755531 791076
255180 223242
1067542 704330
1672115 1027137
1676237 1990985
1895111 1730508
241530 263995
1968748 1893124
1079999 1972492
941815 341335
1560498 262267
415495 1550508
1029539 1947567
1370270 1488940
986543 595424
639069 412924
514503 812815
1032339 637257
1320774 1348465
914610 397571
695114 1112782
1333375 128713
92483 1072973
279844 426935
380443 1942827
1367340 568167
775308 1729785
1410477 560468
1677041 30342
51238 763815
1803029 1271741
1342646 1739874
1264746 1170266
464565 1323645
1794399 371456
42492 102777
1024351 1767052
1769394 880118
336023 1969033
241296 28027
37348 487813
1686066 1271678
154008 1568671
1324964 1148741
958093 1571334
271294 934118
1803124 1743800
1101192 1000042
1059044 1949312
1504193 326119
1117790 1305247
1753039 430897
1772554 750372
446930 678469
335987 105762
1226234 1849235
1366001 82876
1728843 432381
1931399 849272
1614971 1645428
654760 1982532
1633624 1841037
73791 916729
32166 1596829
1962234 282629
663347 828623
102783 1066329
890855 1445218
1089609 911051
554496 1504930
523485 1717898
688115 1549435
666573 300696
1768214 633599
1255725 294719
1995485 1926995
279978 144431
1621951 975993
922065 1473828
466172 1883926
409459 392158
700986 1316303
489112 1254724
861730 741617
1181045 496034
1640915 1937362
1072783 517336
238837 278427
70236 1108396
1830732 268580
1966680 936633
1956497 174494
1324867 190969
800160 710745
317494 92924
45814 1056058
311802 312498
