68 246983
1287689 1016971
499148 176441
1443395 1175166
1518989 1863585
1857188 577878
854523 364787
966707 504333
491582 300906
1529770 1152988
1218657 1456773
953297 1605965
27662 137535
661178 1153704
567247 72461
917170 628507
618735 689980
1375806 145248
435567 825966
573472 1888447
809787 1755296
886130 40926
999387 110822
1889655 888584
1401937 1675836
935544 1315463
362080 189473
341737 1671449
1869911 27777
407480 313948
1806603 1669515
1061719 896203
1131685 885492
1311897 461302
1818433 1510098
1149918 824228
536502 490931
1247184 1969062
316936 410913
968415 1236945
89452 407576
1069743 582164
29459 698877
1460957 1050716
992268 1647609
1357165 276312
827350 1963024
688619 110045
1426 1353098
1780885 863673
949508 1655493
1692719 866659
539157 789478
730259 1347107
1121090 352625
632750 425817
907523 1396425
232041 186518
1927934 457004
1126194 939449
180129 1326819
955196 1629956
1724969 1298041
1552403 431028
593756 1667581
110755 424262
1986081 1468221
1290806 386791
271258 973534
