333 744
37 120
273 314
119 84
155 72
117 202
156 270
239 227
152 199
47 81
120 135
257 40
279 225
310 82
246 164
292 30
118 195
310 276
278 56
247 69
197 73
188 30
154 320
171 111
70 17
55 209
24 228
88 114
69 205
15 209
267 12
185 163
133 320
3 311
259 54
295 193
180 46
158 92
269 303
72 85
123 279
309 225
317 9
327 20
322 289
154 165
117 327
275 6
76 196
241 38
295 145
129 189
156 307
32 101
297 306
237 162
311 96
238 84
247 30
133 18
26 48
308 274
29 69
278 203
283 113
255 106
17 101
279 95
42 287
202 128
278 85
273 1
151 123
279 228
264 129
119 324
270 57
194 82
316 50
171 164
313 280
94 290
305 325
208 288
248 143
52 305
75 28
15 165
321 215
238 207
84 7
159 289
305 129
94 297
106 172
151 97
273 295
120 192
262 248
103 52
241 9
74 311
260 99
280 134
282 96
257 64
9 291
22 323
49 114
179 141
150 34
136 253
224 45
262 195
1 158
22 332
299 160
57 315
267 197
92 278
59 95
305 173
208 302
67 267
140 39
185 46
56 280
206 271
280 216
74 256
125 92
4 246
219 40
278 29
282 177
224 311
216 123
68 203
142 103
131 24
178 130
193 91
15 216
283 272
305 220
304 296
280 203
91 115
84 17
31 313
20 304
229 154
265 161
175 92
320 261
185 247
248 149
272 66
65 324
281 94
55 130
14 239
19 150
46 282
222 231
77 45
65 328
278 134
206 324
77 142
21 33
200 155
269 312
228 243
140 321
76 122
332 151
257 268
90 62
153 297
107 318
169 10
3 324
30 61
25 99
209 321
177 331
74 269
332 30
214 47
294 319
160 153
292 199
180 86
205 84
248 196
83 109
98 34
233 34
303 102
63 323
27 205
242 268
226 181
166 228
41 147
288 161
255 89
328 163
118 164
73 148
218 44
170 60
72 244
225 153
166 54
245 163
213 309
179 27
17 83
290 81
288 106
293 98
66 318
103 198
41 136
116 220
285 80
93 167
207 189
272 293
249 301
273 86
45 124
332 80
101 328
213 271
111 254
205 148
30 56
235 252
325 158
131 240
106 270
312 132
11 37
268 237
239 191
186 252
314 12
270 21
152 60
144 198
108 129
203 330
113 136
133 44
35 82
215 236
43 15
174 188
258 245
179 279
262 231
266 240
178 201
254 46
78 321
22 112
307 105
160 158
164 140
1 55
83 259
243 76
41 235
37 44
281 115
184 42
179 148
242 17
250 174
303 9
2 317
220 149
147 302
75 84
58 324
52 209
132 126
36 170
293 93
138 147
160 55
198 303
91 241
213 223
63 101
55 293
246 237
156 32
142 106
87 181
268 208
9 277
260 47
155 206
281 227
193 251
268 332
131 324
162 153
64 319
280 65
219 227
188 131
118 34
26 161
2 40
11 151
225 141
103 59
131 53
142 162
99 5
312 115
233 189
269 301
14 162
197 284
64 84
104 143
25 94
86 298
125 5
209 129
135 229
119 243
198 17
153 274
298 261
113 314
124 199
315 173
92 258
213 331
151 220
154 254
171 38
227 191
78 10
85 179
283 214
279 329
257 79
330 113
226 16
55 10
68 315
26 113
187 38
46 93
83 319
18 269
12 243
289 126
169 59
268 80
181 238
284 14
28 333
44 50
236 193
86 191
270 3
63 45
242 147
326 107
289 162
138 70
23 216
190 19
9 329
149 45
172 19
97 162
154 298
130 92
225 236
259 132
153 59
176 243
19 43
202 279
65 206
305 183
237 207
184 68
256 283
309 219
220 73
34 204
220 193
164 68
311 124
281 39
282 167
175 84
82 220
72 43
46 152
69 4
169 191
9 15
202 113
162 235
96 303
92 222
156 192
194 195
144 171
180 291
211 116
274 173
313 161
172 121
90 200
101 267
267 17
89 180
89 1
203 99
261 305
329 230
163 197
174 96
106 178
221 92
239 263
315 254
260 121
299 57
138 324
319 82
199 158
253 190
108 90
323 127
159 188
258 144
59 216
23 21
38 15
323 221
248 138
269 86
207 150
95 43
319 194
23 300
76 36
62 170
321 116
36 65
108 329
319 204
116 312
56 260
261 195
26 229
127 132
27 282
4 59
200 83
152 265
150 210
263 167
88 38
241 89
266 62
170 244
209 191
257 112
149 239
120 180
331 210
313 175
80 264
145 96
195 142
151 219
275 280
142 279
269 58
33 133
299 60
285 254
286 253
175 326
205 160
323 46
115 287
188 121
240 71
117 77
11 140
263 61
218 151
142 320
172 93
271 298
67 183
57 89
324 202
146 251
296 226
201 39
205 271
149 269
285 207
105 16
46 16
46 37
55 204
152 119
215 63
120 30
284 13
233 142
56 269
93 319
64 199
265 315
292 23
80 290
225 142
276 233
51 321
74 78
141 45
135 13
135 59
293 283
146 215
306 50
33 151
265 44
174 279
272 245
225 119
244 153
214 112
81 220
285 218
184 200
202 315
185 132
209 271
270 175
162 168
15 212
133 15
238 227
104 115
79 331
176 310
328 132
27 235
260 22
266 219
265 28
32 179
311 199
210 238
238 150
108 154
43 194
1 16
201 83
68 302
318 309
129 117
24 294
148 97
23 303
13 245
69 311
187 82
166 86
257 311
173 273
249 158
151 29
40 36
175 38
100 129
14 278
18 205
328 162
145 15
143 97
58 161
140 127
45 207
152 52
179 29
76 90
182 146
187 167
69 57
11 261
62 154
235 81
8 141
282 137
331 133
267 39
202 197
86 238
262 271
123 132
164 50
235 61
24 257
313 228
58 6
227 26
278 83
233 134
180 205
255 115
132 299
68 45
264 192
133 66
17 305
221 36
171 286
127 179
250 251
316 31
54 84
331 200
160 165
104 52
83 288
199 260
44 77
331 244
70 216
255 183
7 75
161 123
19 88
265 283
101 76
110 269
21 15
47 252
49 196
206 2
55 143
263 259
273 33
25 245
308 218
182 142
191 307
172 178
79 111
15 323
264 116
181 246
162 325
23 16
323 57
222 167
100 82
99 128
244 333
233 289
167 276
115 126
273 51
309 11
270 221
79 243
201 241
317 202
324 53
178 329
86 326
61 144
302 126
89 263
71 151
66 182
195 258
265 49
329 306
139 2
298 99
79 54
116 231
135 199
83 155
73 56
258 281
264 220
111 155
318 18
328 32
80 35
43 78
36 188
31 239
134 182
160 167
172 232
82 92
268 213
164 94
174 292
273 54
212 237
183 118
224 255
35 281
244 283
123 85
39 3
317 48
120 287
303 184
333 104
245 55
60 289
213 211
79 296
63 72
13 164
7 87
42 136
52 308
30 220
168 87