120 506
9 107
18 66
102 91
52 65
49 4
41 110
99 69
8 63
115 51
27 47
68 90
74 20
119 48
76 14
69 90
112 14
81 73
13 68
103 111
21 74
77 102
8 71
51 113
107 88
23 14
59 84
24 75
56 67
68 115
119 49
63 40
75 97
73 104
33 11
39 113
52 88
33 53
7 58
104 61
65 24
74 35
92 55
88 18
42 48
78 38
119 52
91 60
115 40
28 63
57 56
92 47
48 34
108 81
59 32
71 86
25 111
120 43
21 9
84 18
70 103
9 84
9 95
67 27
62 115
101 93
62 116
48 71
66 1
12 49
114 31
22 47
19 79
98 43
2 115
10 68
27 76
46 83
109 50
84 74
77 47
69 78
78 46
38 15
6 87
74 9
69 103
84 34
13 85
62 98
112 58
21 4
41 88
63 108
10 61
79 20
55 51
69 2
47 116
46 7
74 100
48 107
6 51
66 112
57 35
37 63
79 47
74 52
18 4
114 95
40 47
18 119
82 116
15 100
72 74
101 79
54 86
95 87
32 61
117 116
41 90
18 120
37 16
83 90
93 96
39 52
91 11
50 25
29 52
112 66
77 86
17 115
79 91
78 42
96 4
108 46
84 96
36 106
97 54
25 110
94 42
9 49
95 41
112 72
63 29
7 93
100 11
24 98
67 88
13 96
32 39
39 62
2 36
55 53
36 76
78 3
115 8
62 52
23 112
4 10
38 31
93 33
38 71
34 69
87 90
22 72
83 49
68 75
12 10
45 14
25 44
76 88
113 95
94 78
32 18
99 40
90 112
70 23
95 27
32 9
84 12
116 40
40 55
40 10
25 35
113 63
76 5
31 21
85 25
12 22
18 73
17 20
78 58
78 31
27 28
7 1
22 104
41 109
108 28
88 29
56 16
7 6
47 27
70 116
33 22
78 97
77 93
84 11
1 76
30 105
4 31
97 58
75 10
96 93
90 76
11 2
120 70
21 28
73 91
59 85
110 79
109 110
100 72
69 10
98 53
45 47
64 27
64 119
24 35
63 33
6 2
15 45
11 107
37 117
111 35
62 94
86 70
74 11
76 120
5 120
97 71
40 48
100 69
81 46
2 43
13 3
50 58
74 97
57 53
37 36
105 84
56 75
50 21
114 10
86 93
73 118
109 43
45 13
25 88
68 116
61 106
109 92
7 107
83 50
17 53
62 87
53 78
15 46
70 100
116 46
45 76
68 48
58 6
50 20
91 18
89 50
108 71
38 19
113 115
86 115
67 64
82 8
16 106
64 49
71 38
27 118
70 111
41 82
95 89
19 51
39 81
68 10
111 18
74 68
35 105
79 15
41 61
69 72
61 83
5 13
119 45
73 49
94 115
84 78
39 95
116 21
94 7
101 119
94 52
12 43
46 55
79 104
44 63
80 63
16 86
58 41
27 39
4 36
96 105
100 104
28 33
101 110
78 56
53 92
80 59
6 73
55 98
39 37
68 59
101 62
14 92
11 22
77 5
32 50
16 43
98 72
95 20
92 52
19 85
2 91
92 18
5 61
52 57
85 112
107 34
83 3
98 112
7 66
3 88
102 60
102 82
70 29
45 42
50 12
26 93
101 120
15 38
70 97
20 41
66 63
15 84
45 62
97 8
62 10
98 6
41 99
59 25
13 60
109 55
76 100
86 11
105 19
16 35
101 66
119 90
116 9
118 61
64 61
14 7
72 62
6 116
59 26
68 88
116 39
42 6
72 60
69 59
12 37
49 39
102 8
45 49
39 44
100 46
62 111
7 64
2 89
33 72
71 75
36 14
69 4
110 94
113 40
119 108
1 63
26 59
69 104
20 98
3 13
102 86
30 6
120 95
31 64
82 71
74 84
8 101
53 54
31 39
33 5
79 114
86 26
67 106
72 66
81 65
109 20
98 9
5 24
86 23
105 108
101 48
100 44
13 54
30 59
112 37
104 69
42 36
62 88
8 119
23 90
57 37
106 5
25 91
11 71
114 2
50 111
118 59
13 19
120 45
110 81
96 44
95 45
73 69
10 4
72 56
88 28
20 17
72 52
9 12
53 84
26 33
56 76
64 71
72 32
72 48
19 116
110 118
81 119
44 72
32 111
34 81
68 17
79 99
96 110
2 14
35 118
71 108
118 31
32 16
19 92
92 91
112 19
22 59
75 72
1 71
42 44
96 77
84 87
76 83
108 114
65 77
95 71
117 97
79 112
52 79
102 40
114 36
100 8
117 79
90 78
59 11
80 8
75 62
47 78
3 91
5 96
14 83
79 116
115 56
