5676 9601
3189 2763
342 2958
5386 2717
2418 3841
3228 1389
5423 4167
4228 1939
3781 4419
2322 4665
2849 4536
570 5307
1003 970
2094 1857
3490 2056
4930 920
2018 2466
1351 5585
4081 2503
3997 3864
2955 1337
3514 2343
5323 2580
4684 2130
3666 5491
1783 4607
5367 2641
2966 4514
3321 2164
4593 798
141 1892
510 3756
2914 446
2645 409
1358 1412
1682 4066
4305 2799
1193 2255
768 864
4992 4867
3299 2466
167 1177
4285 2379
3269 2150
3819 5150
3146 4270
5132 4332
3305 2115
2453 1871
5153 895
5138 753
4212 1643
4610 3372
872 4400
1651 1927
3304 2085
1779 3160
1014 3659
2909 2434
232 2263
5375 1095
3153 3907
5674 1675
3728 609
1891 3183
3643 3931
1393 4736
1177 279
5405 448
1123 2265
3602 4921
4813 2230
1971 4348
72 870
3393 1151
4361 2365
2454 3958
5472 4457
2389 2088
3164 1430
3077 613
3423 4560
252 1058
2705 3915
3480 5233
1445 3239
1820 879
390 3942
2636 5129
1371 3801
5483 1688
1534 3204
3559 4139
5410 2985
2908 4239
613 3582
4529 3202
3628 3992
434 3119
954 361
4855 3462
5655 4012
703 1385
2572 1713
5587 5029
3960 5373
3391 3070
3047 3019
797 4223
3056 2690
3128 62
992 4466
2608 3764
2633 490
2940 867
456 232
4643 1114
2675 3169
776 920
3441 1950
3319 50
2172 3320
5511 3097
265 2591
1578 816
330 3080
4982 5571
4393 4890
3508 914
1780 3668
5249 4479
4170 615
2685 2745
128 835
2810 597
3590 5550
4673 121
605 1228
4270 2309
2228 4319
344 3334
4892 2317
5182 3733
1382 149
1808 3208
5018 4692
2351 3164
2468 4410
2944 2263
2886 5659
2341 5314
586 3286
946 1691
2671 213
4922 1560
4472 1156
3466 3545
2844 5112
1730 3364
4333 3864
3577 952
5484 5269
3415 3509
2337 3608
386 5034
248 1772
3377 5367
371 4252
5269 3550
538 2505
4744 4396
1528 3613
5119 3857
761 4404
3534 4250
169 3383
3192 2293
2522 5024
4384 3123
1836 3459
3036 1934
4234 1458
33 3343
1684 2699
4209 4147
419 2301
5006 1625
697 16
4158 364
241 1371
1333 702
1952 2187
2322 3537
5465 3219
1511 369
1784 2815
3422 4549
3878 3655
3290 1189
707 2603
4703 2431
4486 5490
1581 4115
1621 3338
925 5198
5317 823
2678 4284
4288 3124
3143 733
3738 4083
2903 3005
3528 2378
1889 5182
2120 3557
1668 3185
3285 4550
2698 2554
3239 742
4318 2054
5652 2316
4760 1075
3394 1431
1040 5490
86 3158
4259 2266
2719 4867
3623 5403
4352 3495
5481 793
21 2855
4675 1574
2278 4294
2318 3845
1038 3859
1825 4686
3555 1494
3195 5344
808 4871
965 4856
4485 5062
741 740
1822 2026
3920 3343
159 2630
5435 3750
4955 2131
5571 2192
3590 5607
2141 804
1383 11
3752 5660
3182 5319
5555 2022
3491 2389
4888 2158
2595 2634
2230 5281
1443 3076
3153 5603
484 3448
650 1426
2117 5081
4644 159
2157 5608
4569 3542
263 3304
2346 1260
4915 5316
1749 1410
4228 3460
2537 3945
3259 1506
3565 2184
4441 2599
1629 376
4077 3385
2279 1724
5360 3613
1613 2249
3887 267
5349 551
3969 2957
5040 530
339 576
1944 95
827 3702
2023 1317
3889 2279
5582 3304
3779 5329
1754 5305
1382 4133
3583 1406
1858 3260
1467 3657
1628 2392
2077 2233
2993 4887
2533 1668
3149 5209
5214 2391
364 222
1676 1403
3462 1137
5221 1047
875 2871
160 1175
4882 1970
4420 362
4178 970
1059 2019
2973 5061
2980 5245
5033 2948
412 4306
4259 366
1771 5532
3677 942
3725 784
3757 2317
3038 2322
4572 1632
3345 4478
4924 1519
2209 1679
806 5437
5065 3473
591 3006
4402 3450
3617 3535
4779 1301
2228 1622
3165 3302
3091 826
4184 5074
5433 2482
101 651
5514 4763
439 3654
1657 2295
3586 1474
441 1792
3472 5550
3536 5124
5167 564
3897 4655
5638 468
66 495
3148 2639
2308 3374
1125 2288
1674 202
1013 4124
1028 2717
57 629
797 3380
1265 4874
3231 915
2717 1688
5041 780
4170 4612
975 3990
3569 466
3139 1933
1742 5578
4253 3831
782 5425
3945 3185
278 3844
970 4857
4129 5113
3840 3037
3609 4367
1181 3131
531 5134
666 3718
937 1895
216 3404
1345 4982
4532 939
614 2652
1605 2607
4066 2220
2091 2972
3008 114
1325 3266
2459 3368
25 2279
538 4515
5294 3139
3544 2521
4705 4771
305 283
669 5413
1343 3974
921 213
3623 4876
3605 2635
1857 5591
1945 1763
2651 3544
3725 4959
4212 2445
3393 2941
1249 2799
1031 4424
4525 1808
4819 609
3978 1030
1842 5534
492 2523
1022 1148
5399 155
5063 1103
1315 4311
5000 297
1170 2628
2151 81
5008 2792
5269 2147
142 993
4968 5183
3580 1629
2505 949
796 2991
971 4242
4290 4969
1085 5239
2101 114
1047 3745
2794 615
1757 3399
776 680
4654 1224
2034 2734
5313 1980
1155 1401
4531 5277
4513 4302
482 4234
1281 4458
276 722
1287 2383
3558 4019
2188 5077
2067 1954
3956 2103
3821 2230
1347 10
3318 3829
943 1629
4250 3716
3526 2247
2648 3248
1056 4027
4401 2478
4568 4942
3565 838
4026 3760
1060 5064
1785 4270
5349 4233
2177 814
4815 4407
5193 1874
1539 5512
1654 552
4054 2286
926 3452
1505 721
2310 104
1238 3376
4938 4974
2243 4169
2746 4196
1585 3021
3936 2501
4704 659
4969 2213
3814 29
3768 2057
2092 4056
39 892
274 1856
667 5608
4113 3278
59 4083
2917 766
4292 945
4580 4252
2429 2700
2827 4208
3861 36
3216 4728
5298 4247
2725 3570
1020 1292
2619 941
4067 1795
5252 1863
1660 3942
4402 4548
5200 4268
5249 2139
1986 5206
790 2151
442 2220
4426 3503
5394 2216
641 1782
1940 1727
866 5299
2226 1929
4356 2862
5098 4744
781 4721
3817 797
698 1632
1313 4166
5192 1803
1979 2728
1105 3720
3996 666
4794 196
1191 5271
1137 502
1393 3562
4484 566
53 1140
5292 5450
1562 2192
5074 4198
4786 4518
1558 5033
2002 3093
684 5208
1425 976
1733 2655
5165 509
4094 2281
16 3263
3067 4146
3470 1145
2770 3471
2745 158
1432 39
1891 3285
2343 5050
3757 1337
5445 257
4620 1196
1568 2168
2869 450
4940 4625
1074 2793
3191 936
1056 3376
900 3936
761 1269
52 265
5162 4633
4870 3258
5353 978
5153 1942
4338 2842
736 4868
492 4143
4821 2989
5361 5223
2233 710
3310 1878
2606 2983
3170 887
3644 2921
2004 4287
1632 4752
1916 4240
229 4899
4126 4386
2975 4632
2052 2365
1341 4313
4431 5108
5615 2622
2344 4685
1547 3007
1758 568
1184 4029
5000 5162
1879 5217
8 3982
5398 2124
5196 817
2845 3589
745 2924
480 1760
2175 767
5491 690
3235 4272
3752 2458
2478 1002
4246 2216
4288 849
4403 5432
203 4288
3529 2945
1169 4171
4314 5116
885 1307
3293 5583
4784 1313
2161 550
1118 3665
5248 3553
1067 2452
2566 1925
2915 4565
642 4977
177 4874
2043 2275
2292 2968
3515 537
1204 431
2703 4082
2010 58
3225 4272
5256 2167
576 413
3667 2302
4120 2368
4940 3252
1616 2944
4670 4739
2816 188
1299 1916
1337 2757
4833 3695
5301 3449
877 811
3506 356
5234 4504
5422 3923
920 3513
5546 3164
960 4633
2037 5547
553 1707
2315 3082
4013 5283
5385 1165
5438 2902
1604 2063
260 3336
4450 3317
392 1695
5603 3945
2276 5668
3081 3586
5499 4959
1053 812
2758 4048
537 2966
5412 5466
1378 3129
5071 3404
2336 1399
5375 45
5264 1630
5317 1188
2609 3405
4039 1249
4718 694
1222 2560
4996 1006
3450 2099
3458 2044
1903 4489
3807 5579
2067 2087
3290 4277
1149 3524
4897 3077
1685 1419
1133 1999
3659 371
3096 2899
995 5581
3365 5038
3612 560
3404 136
4173 1850
2470 2267
390 791
2789 4186
1074 859
3918 1212
2751 5514
4533 758
4051 4870
2822 371
2125 2062
5097 3257
2735 3944
5483 4340
4992 5439
5480 5038
4097 2330
2502 318
2911 4265
591 4345
2224 4540
3365 4378
5485 4099
1283 443
2406 5082
4873 4619
1818 2093
4809 3006
885 3888
1086 1453
502 2513
5452 3897
3529 1460
2325 4735
282 1834
4897 873
3322 789
145 3712
1497 4779
1885 3815
5590 4477
1496 3757
4432 3426
3982 909
913 3409
3446 1243
5637 333
4075 4752
4389 2422
1694 4558
3627 3440
4196 2054
4320 4682
5102 2693
94 4172
5567 4759
5116 644
2850 4002
5506 3466
1038 2671
3951 3646
5024 3113
1497 2550
2389 5610
2072 5393
5124 5140
1731 1445
5523 4909
1331 5298
1995 2546
4063 1278
2330 441
1819 4237
1787 3281
2937 3671
3415 481
1049 2036
4762 591
5443 4407
2808 5253
3853 2804
4027 92
2808 5470
1915 1824
5572 3480
2485 5163
2740 240
1760 588
4116 1727
3590 4851
1032 4702
613 2357
3279 2402
2669 4661
4433 4031
5449 3748
327 2660
2912 3708
1011 239
768 4894
2297 1918
3710 2648
1514 4039
1240 5623
4701 1963
3800 1318
22 2397
1976 5311
2505 335
1460 453
773 277
3515 1742
2400 4928
2127 5417
2228 3780
1194 2961
1772 392
568 4370
1735 3374
4857 2375
360 3395
4682 441
1069 4465
5041 4994
395 1136
3347 1107
2543 2668
320 5315
118 2313
3678 5121
2901 1203
3291 3971
5461 4882
2094 4380
2345 4189
945 3295
1029 3472
1730 1003
4488 2355
4600 4720
5485 4893
2431 950
110 3411
4660 69
4552 4170
4578 835
5552 4395
1723 2532
199 2596
5393 68
1833 1834
2630 1558
245 4860
604 1975
754 4059
822 4816
4596 5486
2257 3025
3650 1654
2895 3654
2513 1981
5125 407
4300 941
4870 3235
3827 4059
2905 240
3114 3784
4300 1105
4736 2267
2954 2466
323 1471
1397 3008
1187 5502
4070 1308
5057 4673
2988 283
4526 2245
2833 449
3225 3891
570 3972
2829 4964
5546 1230
1444 3161
4850 602
572 1006
1416 5589
1329 5523
1326 1313
3188 1429
626 1793
5516 4844
4175 4939
3897 1895
4151 3861
2189 2813
2898 197
246 2395
5434 1932
3341 1415
3241 3345
1690 172
5085 1830
5297 4488
3587 1779
3679 4759
1852 307
3066 2843
4577 5141
5470 1597
5538 3750
5089 3736
664 4578
1147 5263
3034 136
3807 1947
827 4032
1097 2443
5180 653
3291 2045
960 3019
2524 4679
4611 3047
475 3990
4800 3470
3109 4827
5317 2666
1738 1836
3068 1447
5092 5129
3743 2528
4643 1048
1540 4494
398 3873
2415 2050
3651 353
4666 2674
5049 3377
5601 4927
577 971
2117 4691
1958 2968
4011 5209
3195 1356
4304 2775
525 2438
4583 3153
946 644
2748 137
488 4978
4744 4659
396 4970
5490 202
5223 5188
4806 4765
3026 4868
1298 2257
4770 3047
2243 1555
1259 3491
1531 1106
5241 3709
1860 2527
147 5553
2569 1934
3622 3868
2704 3753
883 103
2626 2178
3547 1974
2591 131
3278 1099
1833 2252
749 4199
3823 607
3119 5152
2803 1216
4431 1711
5294 4598
2058 4867
4272 5628
1995 2207
1771 5610
4252 3545
296 3156
5106 3170
3271 1571
3573 5110
5195 3720
3376 3524
1015 5503
3261 4436
5141 4504
4362 1391
5036 1461
2636 3036
3370 2737
4332 2854
4258 1188
4285 153
2039 875
4185 3512
4475 1769
2072 919
584 2107
2278 814
1877 4256
4464 1032
5521 4755
138 2065
3368 1764
661 5659
1132 4097
2533 834
3412 4075
4617 4511
2190 560
416 2069
1499 4486
1086 3420
2597 1006
5536 2116
4283 4342
2675 2815
4044 4942
738 3171
4585 3363
1012 2694
3896 914
178 2306
5498 738
206 4787
1400 1023
4933 3833
4877 2229
700 3510
420 3670
2689 2517
2053 361
842 1163
4166 988
2318 1104
927 4869
1393 3478
3742 188
5073 1878
702 2113
752 4151
3941 1262
2714 470
58 856
4413 13
3626 2381
4853 4665
5616 948
3289 4648
780 3053
369 5279
1808 5438
3483 4941
5544 3563
4550 1525
1065 1490
5259 4692
633 4925
1534 5514
4526 2585
2837 5484
4508 804
347 1530
3493 2375
4863 1819
2212 5592
3818 2886
5566 716
4477 2777
4980 3488
3165 400
1612 1266
4945 1074
1370 454
2756 5118
3778 1010
3442 3477
776 2512
3445 5558
2573 1092
5309 3252
4719 3451
2351 5143
346 1818
5495 3192
1650 1340
3216 5038
3351 4843
2477 4763
1142 4594
3090 407
1864 627
2276 523
3436 5422
711 2011
2424 1502
2422 2963
584 5164
4196 203
1680 1452
4137 5495
1362 3877
1615 1384
3680 3465
3174 2440
5330 792
153 366
794 1215
758 2364
3612 438
3684 3598
3081 1991
2269 1805
2647 2679
4227 4808
2465 4453
3369 2720
2026 3853
4433 3774
4057 3598
2569 1652
969 4351
1632 1031
2569 88
299 412
50 589
3484 5343
3172 264
1327 5170
1154 307
2230 302
514 1241
4648 4473
2546 5610
1856 4635
1100 2538
2632 3967
2040 809
4484 833
3744 2398
4180 5489
3707 3873
5527 525
4960 4428
4878 4222
201 2022
981 188
5101 5413
2489 1541
4945 1557
1845 1093
4416 485
516 558
1689 1636
2944 4551
1338 4690
4926 3784
602 1886
2557 1657
4734 4077
428 4424
5035 2917
2186 2438
5070 4889
934 4241
1382 3034
4276 3434
4461 168
264 2334
3211 577
5608 1051
2871 1620
3093 4671
2264 4030
579 2831
2575 1896
4525 834
1979 2870
4264 2053
4594 3318
4762 2479
3007 90
3 2115
4239 2790
5017 2597
5493 3218
4667 766
978 464
2272 3654
2957 3128
2484 1847
5222 5176
2322 3925
2414 93
3783 3219
1361 5048
108 5040
4658 135
4502 305
1089 681
3706 81
2966 2745
4727 2713
4889 4228
1209 1528
5627 4509
4858 937
900 3919
3644 5607
4418 4427
3680 5666
4677 4184
1422 2825
4333 3829
3960 5033
1511 2488
1101 2320
1599 3784
661 5125
4198 2604
422 3946
5644 185
1928 3456
2110 166
3447 4305
2598 3414
1386 444
3399 3805
2213 3692
4925 5176
2083 3118
4987 3071
2689 46
2314 4624
1357 3774
3860 2870
4552 3560
3077 680
63 1809
696 1517
738 3125
4457 917
5356 2617
40 5249
998 3251
1307 5483
4681 1557
2359 3582
3479 2443
994 3754
1532 4623
2960 3610
1688 4662
4143 5357
5165 108
3540 4526
238 1600
2231 937
672 5224
5017 1143
4022 3781
3098 848
3871 2176
921 2954
1858 2041
1389 2656
5672 435
250 3752
5022 1992
5265 1761
2884 2319
3087 2896
3295 3279
4414 100
3394 2700
3863 2187
3909 228
1051 1460
3690 4647
5390 5412
1705 153
1787 3445
5121 956
5247 1295
5661 4411
3411 3239
3509 4470
1778 2781
5274 792
2935 2969
4598 889
5132 1153
2070 1746
4467 2297
2232 1972
1459 1127
3662 4522
5197 2296
4987 5561
1703 2306
1802 1225
4827 1711
2630 1861
3200 4156
1255 3169
2038 2668
1109 1123
2384 4160
4299 3688
3197 4695
545 3888
3490 48
5670 5261
2744 3223
3187 5676
271 1806
2074 2628
551 1209
4914 3386
341 3661
3625 4075
4719 3242
101 3104
5006 3592
1148 5519
2589 2986
1870 2451
4419 2474
4583 4284
4225 2871
3841 2077
81 5034
1035 2658
2463 4588
5489 1760
5114 3240
2082 3631
610 4436
318 896
3925 2624
5358 5562
4186 3473
4688 855
5053 4041
2620 4443
4239 4895
2308 2275
2176 1794
3039 5196
2372 4847
4004 5065
852 4988
1298 3531
3354 4206
4233 680
2909 1909
2938 643
520 1515
3187 602
150 768
5221 1472
3610 346
5345 3344
5527 2152
2631 355
5054 1105
1752 1267
329 3438
3561 1712
5107 569
2162 2334
4872 1368
2326 3114
1609 4149
3613 4937
5082 5339
3935 4895
3649 3500
3292 5352
1924 1216
1516 1399
1142 4098
463 908
2105 5664
3346 3957
5105 1620
249 2339
3350 3359
4228 5090
903 3415
2951 5295
2249 2980
4158 3044
1522 1702
664 2465
1694 2946
197 824
502 2761
966 311
1637 246
2644 5233
1819 2538
2241 3128
2081 2559
1048 4711
4200 385
5020 4967
5363 1331
4649 5407
4834 1428
2184 3975
1414 698
4160 666
3500 2390
1581 3441
5299 2680
1957 4226
3756 3078
300 1694
1439 1829
1068 1122
351 3644
3366 5590
3361 4709
2206 1398
1329 778
2625 4947
4495 1427
2698 3849
4084 2811
4039 5539
1881 820
101 3846
763 3357
1470 3137
5477 1643
1910 2347
1730 295
55 146
1479 1907
69 1470
404 2788
692 5499
1733 1580
1432 650
1527 264
2211 1806
603 3051
3147 5138
3129 255
2792 3266
2147 3645
1987 1979
4046 3676
4286 5557
3255 2405
712 4671
4281 3786
3487 2246
1752 2430
3818 263
4897 4101
527 4427
4853 5048
1587 805
2774 1176
2122 385
4456 5645
1008 3553
4208 5441
259 4142
4496 149
3564 2573
5510 859
2318 880
3732 4464
2341 5281
3758 3713
4525 5282
3687 2938
5329 4069
653 4289
2569 3087
2483 456
1637 828
2628 65
4171 1014
5220 2814
2151 2016
2829 3468
850 5496
5585 5445
3629 173
1335 4924
2639 5555
3486 2617
1026 3622
3779 3257
1231 2492
1502 3900
1746 4067
1018 1509
876 4726
3245 416
13 1266
758 4259
4938 1196
727 3436
236 5338
2810 1625
316 4338
4135 2820
5229 5011
613 1102
5555 3605
968 320
1632 4574
3055 2702
759 3775
2019 3925
2277 1001
5148 2551
1461 4693
94 310
4495 3578
53 3863
2954 3041
4827 4762
5637 3181
3067 4540
5104 1649
2975 5204
1385 228
5562 604
258 5133
2082 4893
1555 2522
928 380
3845 243
2858 4477
5322 3088
4425 1875
2489 5663
56 4579
318 2250
1172 1670
1433 3582
558 2570
5400 2851
2652 96
1499 3500
4084 1689
289 3994
2792 4724
4988 305
1943 824
1895 1312
3982 403
280 3284
3478 3166
3107 734
3694 1561
4014 2757
2432 5015
3716 1622
2889 3729
915 4205
2428 3580
1499 5219
1387 1713
5443 4486
3517 4943
5340 657
1986 4675
521 3112
1370 2793
3931 4821
4964 3968
1602 261
2073 1445
2205 5254
629 4277
4735 2032
3279 4391
2047 1554
5191 352
5224 1321
2916 4217
2893 5375
3652 3738
4450 5655
1581 800
2224 1990
3234 466
912 2998
1657 4138
2243 326
4831 3017
4413 587
1772 3396
12 4072
3542 3493
4071 141
157 2222
422 1409
1034 817
633 834
5306 5653
835 5035
4308 5204
1113 3116
2373 1217
5329 2850
2301 698
1129 2720
2297 2981
3127 5176
86 4393
91 1775
3470 728
5173 1189
4587 3546
4159 5539
1289 2429
1644 3349
721 3948
821 2825
3405 5412
3681 3217
179 1197
536 5432
2364 1925
5606 4608
3257 3443
3847 3417
4503 2645
993 1412
385 3088
2643 5237
2242 1735
2250 2880
252 260
5432 2693
5012 2492
1262 567
4707 4338
272 1982
481 2
1443 2900
186 4998
402 4088
5401 67
1415 5342
736 726
3723 3589
2323 5673
4024 4783
4749 4664
258 1795
3357 3375
3585 2419
2863 292
702 919
2353 5249
1167 1710
1554 3723
3157 9
4185 2177
996 3031
2621 2940
30 3463
585 5240
1899 5132
2061 4171
3125 4107
3360 2460
4845 3311
5468 5366
1371 4938
2210 4352
628 3506
3405 377
2882 209
1587 1068
1108 1918
3303 2602
2358 1002
4449 2896
3617 3744
1486 1232
1180 4849
4390 4572
1751 3683
569 486
4810 884
4715 5346
2911 2218
1523 5530
815 1742
3366 3871
5527 3024
4119 5470
4029 5285
4138 442
1365 4878
363 5540
2808 3531
3645 885
2482 1893
2920 1345
1734 3577
631 4878
3035 381
3994 1672
3915 674
2152 5575
5231 3346
2745 1514
565 5275
5149 4573
4329 2060
3496 565
3217 683
3954 345
2721 3025
5610 492
5367 5576
755 2737
2368 454
5138 4205
4175 358
4380 4531
3220 3267
5169 427
2366 2427
4024 2648
2077 4701
3915 753
5444 4525
1283 1500
4223 4991
5063 127
2964 5604
2053 804
4932 2818
5568 579
1307 1338
4080 632
5098 5485
2475 1674
1419 4231
159 5600
3426 5413
4384 1671
1557 1074
5476 632
1728 697
5550 2729
3401 5330
4679 2345
3786 2080
2833 2002
2377 3591
1030 995
5065 2729
2369 4835
3457 1155
1898 3531
1980 1344
4348 4327
5227 3418
1118 2180
64 1014
5120 3069
2516 4651
3404 1193
4233 2086
5447 735
5040 2542
2363 1209
5421 2687
2341 1146
5604 1788
503 3449
3098 2473
1634 3141
157 1307
4301 405
764 747
1270 4672
969 2566
2432 5273
657 2052
2815 1691
4123 2267
859 4585
5060 2988
4896 1321
890 3347
2609 1659
4678 913
2371 2852
920 823
751 2189
5504 1106
4098 1095
2976 2354
3449 740
4215 3421
4952 4711
2429 5154
833 3757
1745 441
4953 1422
642 4632
3253 2538
2105 2736
5468 4538
1641 5350
2068 3591
4642 932
4761 1837
1918 3370
5 861
3088 3593
2165 846
806 2051
3726 2576
4948 4920
1340 671
2587 1823
924 547
1924 675
851 3487
4892 3743
3602 5196
1019 5568
3626 2351
3276 1028
5085 3057
4687 593
1482 2425
1895 1362
971 1204
3149 1631
5564 2669
3985 5553
1985 966
1644 5098
271 373
1710 3169
3251 1304
2793 30
3523 2741
5044 3497
4033 1698
1462 466
4291 955
2268 809
240 4989
65 5000
791 5537
1560 2011
2637 1815
4326 5564
5133 883
3597 72
1137 4648
4829 2041
84 979
5413 2934
3541 289
3307 567
4499 1659
779 1025
624 4688
3816 3623
1316 4082
1250 1584
3411 1228
3092 2861
430 1810
3356 3702
4678 1549
1255 4837
5023 3615
3387 3550
1581 4081
3655 3642
4167 5040
3482 1357
1964 965
2291 520
608 4809
5 3626
596 1998
3768 5152
5244 1126
654 2457
2854 5174
5624 2576
385 3367
52 834
1378 3636
2756 5670
1704 995
5132 1861
1702 3413
3405 3110
1319 5133
3167 3930
1822 2717
5490 1915
2696 1333
4967 5595
532 4359
3233 112
172 5036
871 5575
2537 1531
94 521
126 4560
51 2948
5068 383
2879 2587
809 1980
2690 3608
667 412
1842 3360
3453 4173
2193 2642
2811 3113
470 4439
244 5058
2933 4484
2429 4986
4717 4597
3583 652
3701 2418
3981 1010
3376 2438
474 3899
1229 2687
3225 3433
1995 1915
3071 5158
1783 417
2795 5226
666 28
2495 5006
698 1889
3527 2604
5629 292
5120 5217
1995 36
5420 1741
1167 3663
809 1385
2019 2008
3507 4486
5632 1461
2643 1042
4945 3401
4449 2383
3851 3292
3099 1545
3854 1410
4458 5484
634 3458
2497 968
4681 1463
4928 1357
1595 1171
82 5618
3018 529
861 5167
2453 776
1881 4901
4300 57
3285 5493
2779 841
5366 2480
4398 5419
2911 3186
1688 5206
5626 3192
3701 2102
5225 2334
482 5574
1572 4526
3665 2830
4551 3499
1042 2682
814 4403
2005 4335
4142 1659
3119 4687
5566 4095
2086 4687
1615 4853
3101 1547
94 31
3844 1716
791 3259
2647 845
1767 1824
5527 2775
175 4431
3810 5221
98 3209
3554 1336
1548 2181
179 799
5188 1537
5635 1853
264 2303
2484 5475
2579 5392
3096 1498
3926 615
3807 5671
2400 3155
544 4565
2143 350
2138 1215
651 3308
115 4107
5211 5155
5095 3083
1404 5074
5160 4814
710 9
330 2760
4873 2030
4510 3760
2093 2496
1388 3983
4496 2440
1498 2408
436 377
3190 775
2639 1648
86 2228
1092 3691
4890 5629
5102 4297
2967 418
1348 4619
358 798
783 3717
4719 4136
4550 5630
1989 5526
423 2850
3490 181
21 2248
3837 3007
5651 3904
3189 2346
937 2679
4284 3426
1192 5316
4985 379
126 5087
3318 1294
4481 1485
776 4510
4826 3128
2118 886
1374 3649
1431 1076
3309 2370
5413 774
1604 944
2696 2371
1164 2494
5187 1755
2150 1042
4251 5161
2566 3134
1446 4344
3589 12
2964 5440
824 528
472 2856
3359 629
815 1952
3529 672
1483 1160
4084 270
398 1918
2224 4060
2976 3354
4024 3895
4022 844
526 2814
4169 712
3583 4420
762 1139
3435 1837
3190 320
3849 3608
4611 4574
3630 1321
2589 165
1297 4221
4573 1529
3119 2596
3012 527
2729 2803
5091 264
2772 1907
1046 2041
3228 2473
401 5661
3546 5628
1840 2030
3199 5281
5093 2661
4425 1363
3073 5141
53 3021
1942 2826
2086 3598
1359 5577
1015 1457
5137 1028
3995 2621
5612 1128
4817 405
5003 2396
2324 2907
111 4888
2646 1433
1105 1477
2211 1289
5602 2391
4593 2384
1220 1340
4992 3885
1259 5583
5453 3518
4841 1671
3137 4217
3151 5253
5580 1044
721 2362
5412 3240
5403 466
1493 5044
1189 252
324 529
1850 2633
1177 3575
2156 4121
70 2096
4020 3219
2397 1807
5430 2862
5537 736
2753 4058
1510 274
1245 1383
5660 3748
1169 4431
2938 2073
5457 4039
5643 5224
4861 11
2783 5423
5228 2890
2638 4161
5530 4434
4123 142
1997 4281
4919 2440
1508 2080
2152 1134
323 4967
3457 5332
1007 5466
4078 2727
4847 2718
3719 5562
4816 1363
4207 5406
4375 2916
4705 5551
3164 4185
2077 3779
2051 717
2917 2193
15 1567
4138 1932
3751 504
1109 4422
4150 3630
2740 2032
1012 593
1333 2773
4755 5530
4153 566
1966 2109
4970 2152
2183 4844
5390 246
1684 4184
3442 916
2631 1022
2353 3586
23 4546
3794 444
4232 1436
4493 912
3129 2864
3660 4001
3425 497
4667 855
2862 1685
4440 2683
4320 1396
370 2666
3727 5124
2521 569
3864 1633
3214 2049
442 4936
5069 2222
792 227
37 2110
2982 4111
1929 5053
342 3899
2961 3726
4763 4427
3194 3911
205 3382
3005 5595
4217 5230
1331 1887
1690 297
588 3961
3749 574
3788 4300
2047 1950
2104 5460
4526 4476
2798 169
2642 2920
4766 3459
2559 3070
4555 1348
1404 1488
4088 1586
683 4132
4402 305
2126 2214
232 4619
5144 3910
4111 2819
4126 1752
5150 3993
5174 2892
3904 5328
405 4511
4167 1819
122 4550
3968 4564
1442 3935
1237 2808
5274 1563
4677 1688
4351 2659
261 4397
4491 2695
943 5271
2154 2066
1153 5318
3414 4474
5296 3150
740 3087
4748 2208
3126 4918
3332 414
4686 5294
3443 558
4068 1585
613 49
678 3492
1859 2105
4649 994
3828 203
878 3926
3731 1915
894 147
4149 3746
2966 5231
920 369
4674 2434
1845 2054
2748 373
3645 3695
4849 4028
3726 4739
4648 378
4033 1823
1099 3537
892 2369
3953 2899
2488 2412
501 5153
1948 2935
187 3189
1618 2798
164 533
4860 81
4503 2747
785 2072
4698 423
603 4466
2930 4344
4845 1116
3777 3007
1498 3791
5540 1093
4174 5465
164 2119
3039 3001
4640 4569
223 2618
3393 3653
484 4680
3259 4163
4325 3480
422 737
2667 4368
1920 5343
5466 2032
5487 3637
5295 5461
3363 1341
3548 797
396 3109
3691 2907
2437 1423
1037 2623
3002 2537
3489 1022
2930 1222
1842 1108
5200 2231
2526 1718
1303 3624
4122 3573
2332 4696
2475 3508
3044 397
4383 758
4806 3473
3397 5560
460 1698
1542 3945
1135 3340
1372 872
303 4045
659 1430
3233 3564
117 1135
3434 293
355 5297
3766 444
4734 5650
3021 4571
2186 1565
2056 3958
1368 3333
1759 4434
965 45
3991 1859
645 3653
2815 5108
5584 2029
26 3425
5466 2441
2252 2594
2548 4694
5208 1812
3540 4868
2623 1658
3754 616
1748 3566
1172 4363
4045 2503
2002 3189
5510 2346
4074 2106
1433 12
1722 1625
4191 4146
674 260
1463 1453
899 2432
396 1327
1877 2064
2670 4499
5392 999
767 5523
3674 1333
2853 2130
3789 1755
784 5539
4034 3446
1278 2375
1234 5429
2290 4552
838 13
1424 1423
1246 3676
5252 1843
1880 2009
1519 3046
2375 3932
3723 3767
2578 4443
933 4038
2743 3263
2415 5182
4775 5086
162 3208
3956 5053
3639 141
2334 654
4451 4391
2133 1079
2013 4550
2914 3535
1724 5142
3747 3423
3995 4727
45 1911
1088 984
4555 4744
4390 5173
4797 2356
2861 3042
541 5014
2726 4906
3679 1701
865 86
2602 3270
2949 1798
1167 5519
220 3371
4004 3133
1002 2298
1897 1495
5049 1442
4487 2285
5441 255
2854 4474
5375 5009
4743 4682
3551 43
4634 3961
3312 4570
5526 4504
5318 1723
3040 998
1088 2274
568 1240
1178 5360
2072 446
3012 2762
4475 5618
4364 5451
3069 1812
4372 2793
806 2885
4522 4648
3065 1152
752 2917
1534 3276
5315 1680
5245 3326
3288 2617
37 4706
3020 1150
3144 373
2656 3889
4958 4692
1042 2201
4169 1296
4695 3104
1618 813
2240 613
854 3279
4452 2122
1192 5412
3692 4940
5095 5536
5268 4491
1057 2733
2259 1408
157 5018
4269 1190
1859 128
5053 5173
155 182
442 3477
4190 889
2632 3641
4684 973
1478 4066
4282 117
4850 5354
1409 338
3067 540
5251 4250
5295 2536
1187 437
3365 5504
260 796
4885 750
3296 200
2076 1311
5087 5499
452 1652
1826 245
1934 1070
1894 2078
2380 5562
1613 4059
5277 2256
5100 5029
2171 4407
803 58
1232 4095
3529 1053
4877 2917
733 2847
3701 202
2644 1291
2938 3726
371 2507
2398 1850
4775 1656
2747 964
2260 2819
694 1737
4751 1671
596 2372
3936 5671
3299 1353
3396 5650
2207 1576
1434 2166
3533 2001
1660 4901
3496 1344
5449 66
2796 36
3772 5175
2369 5105
712 3197
2433 2124
4333 479
1750 3198
2240 3285
3050 1844
5258 179
5169 4401
5627 693
1768 3527
5656 4764
2829 483
1653 1449
3057 3776
4298 5463
4108 5598
2736 3765
1402 5188
1069 1474
1443 3274
2326 4381
5651 1041
1600 3219
4884 1381
4173 2861
4146 487
2282 1076
3181 2838
4728 5202
19 2173
1759 3024
181 561
1310 1793
1418 4545
2060 3132
2299 4920
4464 1845
1391 2877
599 2222
1739 2823
3668 1975
3465 5419
2864 3322
4469 1006
1221 203
2946 3356
3408 2419
4081 1848
4680 5068
776 4079
4908 4701
776 5527
4008 1128
787 3799
4138 724
5610 2620
1074 3167
504 5228
2176 52
929 1175
2644 707
1390 2586
2195 3435
2435 583
5072 2678
1912 2506
3669 2015
4642 325
1835 4750
5381 5658
5306 1490
1170 3387
4820 4178
3853 3536
1595 2764
1643 5649
733 4291
4793 3104
4696 2882
349 2385
4683 3271
1376 4726
4761 5304
1385 3899
3345 2746
216 2683
3007 5002
2646 3578
4318 3744
2855 4802
2672 5502
5293 3434
3323 4057
2461 4780
2427 1931
4973 4211
2611 808
2139 5230
4277 2718
3601 3240
1246 2968
5391 2935
580 1327
905 4047
2601 56
2452 4766
3713 2002
1369 3157
1411 1450
3620 3809
4174 1266
5213 4519
1145 2839
4078 4231
3363 4597
239 3734
3231 4714
163 5506
3882 3143
248 1809
1612 1926
3010 5290
2811 5006
2348 2458
5058 4106
1386 3130
1703 2134
5106 3605
5083 2687
1172 584
3611 5534
4455 531
4346 2943
500 3487
1167 3791
4049 3102
1678 5534
5464 3732
5569 2946
5422 4044
522 2533
2155 5209
5046 687
3905 4118
5322 3604
3489 4950
2056 5447
5537 53
2031 815
1263 5177
2125 904
3756 4969
3578 4923
5356 5488
4670 3912
3959 96
5472 2079
2574 1668
2799 4754
4477 68
5328 1067
799 839
86 88
3295 4781
1705 801
5243 2616
2748 2300
3376 2068
1500 975
1883 2518
1738 3228
2583 75
3222 460
4985 2792
5338 706
4154 424
1609 3312
599 9
4262 604
5637 5047
502 598
1978 4451
5393 4463
4384 1212
2172 4465
402 1578
4196 2857
507 1737
3020 5593
1806 5216
1319 1126
2424 729
594 266
4362 1885
4847 4307
2111 5591
5166 4220
107 4531
5386 3679
1454 992
3959 1135
2418 2757
5438 663
5483 153
393 3727
3033 4817
3905 2344
1433 404
4694 947
4923 4899
1426 1331
1310 5360
2866 1102
1961 5042
3419 3489
172 1964
1507 4644
822 4740
3807 3760
2113 4564
5319 3791
2326 4921
3613 32
4349 1033
4340 1226
1956 1946
2624 2010
3797 5541
589 4700
3223 1026
4794 1673
2755 2102
5070 178
5108 2642
3712 207
4186 4155
2611 436
1081 522
1410 4318
2429 4646
1519 39
1441 4681
85 4702
5324 1073
5371 1804
1913 4756
3057 1527
3080 1814
3603 4282
1026 2136
508 3839
2233 1777
4898 2939
2417 2739
4351 3467
1967 1978
4261 896
5430 1136
5359 5438
2743 4219
3281 1080
136 1033
1844 342
4702 1968
47 4793
3441 1278
1332 3952
2798 1172
1999 2874
1289 3398
3002 1651
4338 964
1395 2513
253 958
4263 4543
4063 2537
1287 1254
690 529
83 3308
2550 4669
1926 3757
1533 3003
1987 2355
3373 2645
567 4549
4607 4565
2471 4596
3138 135
4691 2513
2207 4906
4685 5056
5452 792
1555 1843
3399 2594
1906 1514
1051 3027
2922 1792
4264 749
4236 2146
2768 4051
676 5662
4572 1192
5108 2918
4327 2217
3630 2214
1537 1771
2519 2926
2770 1070
3853 3327
4720 5221
4084 564
1852 4713
2516 2531
2917 1424
5250 3194
2331 4305
1540 4480
5193 3494
5509 234
1691 2033
1556 4599
53 4147
3752 3882
5413 1773
3157 5192
406 2407
3474 2917
4548 111
2265 4080
3319 5252
2624 5612
5089 2634
2515 4755
144 4232
5542 5378
3897 586
4459 5559
5547 1080
5639 4174
3025 4567
5321 4311
1351 3861
4353 4451
279 5021
1993 4822
2026 5494
1713 3723
2702 696
1760 1615
2768 793
4199 2251
116 4127
5418 4538
1670 680
402 5602
3842 1884
808 1124
1009 1228
4894 4732
1475 916
4877 1904
734 2907
4331 4156
1072 3671
4405 199
4879 2898
4380 238
382 4478
4240 5190
4997 1079
3793 4500
4403 1266
3713 4266
2204 3925
1272 2427
4791 1520
4347 1428
2847 3856
723 249
1635 2564
1936 2445
5261 4125
4306 2381
2804 1341
3200 3738
1336 4127
3964 4
3682 2529
5148 5068
729 4407
5635 4566
3609 2423
1013 1558
697 5377
1032 2786
3052 863
1377 5284
749 5274
4255 27
1543 925
1094 13
266 2614
2961 3822
557 3130
2498 4299
1292 2785
4012 1266
5226 3236
2399 2290
1491 1553
2024 1979
2274 1995
3146 1711
5561 2929
1160 4900
2166 4409
1960 3826
3838 2724
1630 5038
114 2607
3552 2750
1297 384
2560 5338
342 1758
2828 5354
619 752
1103 3900
4311 3208
5146 531
2212 4396
125 3577
4281 11
1453 4139
3104 3144
4150 2853
5298 3411
200 1825
21 3852
2015 97
888 247
4723 5218
2560 2186
3965 5041
1180 556
228 2303
3869 5100
3102 3252
4560 3525
2822 3990
2079 1862
3624 4532
3710 2215
977 4718
4669 2187
5248 1599
2023 2829
4688 1058
4242 4353
3894 4153
385 5147
2704 2104
2045 671
2881 3358
5410 1326
1504 3254
5665 5173
2402 3755
4631 4172
1583 5595
4374 3676
1628 1089
5149 4610
1049 3524
3477 2189
3454 3227
1564 4786
4276 3549
2593 1313
1451 1046
1057 4355
1258 1094
3181 4847
3709 4791
4899 3614
3571 4362
2629 1591
4493 598
2346 4505
3464 2721
5297 1103
4210 2028
1321 4814
893 4544
3808 582
3655 2541
4703 4369
3816 4583
2946 565
2518 2353
1702 759
136 155
2623 1615
1323 2856
1619 4949
4866 5239
248 1204
4883 5240
1471 1793
3768 5053
2871 4548
332 1211
98 280
3940 1523
4221 1459
1014 1962
3317 2323
1136 3186
1385 251
1106 693
303 1130
4329 3089
507 4451
5429 3735
4324 661
2511 5307
5612 4262
1563 5413
3100 2104
2780 5102
5275 4775
5135 4890
893 4762
2051 4682
5521 373
5001 1700
5621 1445
1078 5513
2476 5555
5619 2343
1525 5374
5562 1072
2409 5596
1736 4273
1640 1873
1435 3096
3624 3
3369 1009
1328 4721
907 4200
3595 5
4708 1131
2073 2222
2337 3574
3850 98
2189 5540
3368 3567
2389 2430
4537 2994
2470 5045
4043 2261
3650 3661
4078 365
1020 5045
3027 891
3654 1970
3170 4547
3382 5415
4933 4385
1006 5034
3347 4764
1117 654
765 4106
5398 2163
3191 4639
2138 3155
3000 4915
402 522
4214 3662
3889 1062
4913 3451
3642 1509
363 5430
555 2749
4426 1179
79 3345
5469 4900
1861 3717
4428 4099
5662 2576
2003 4792
2155 468
466 236
4475 495
2845 3609
294 4306
3142 3138
5114 4700
2569 2301
739 3169
2096 5018
4711 3829
3598 2375
5506 5450
5055 4799
3076 4619
2666 5323
5222 1971
794 3689
2498 2662
72 4593
2515 3798
4104 4543
5353 5487
1939 2428
558 4442
3489 947
4287 4753
2119 1741
3389 1054
2876 2591
4876 3241
1313 5117
1000 5489
5075 115
96 1118
4464 284
1094 2785
1465 3874
2199 3558
5199 4156
2180 3112
2920 828
2386 3967
2831 4128
61 1131
2261 1427
2696 4554
2864 1683
2500 677
3995 4463
5644 5579
3716 2243
2184 590
1110 1476
1056 5658
564 3892
5304 3562
915 5396
4737 1407
5095 4136
5081 1845
1278 278
4016 2336
5371 5068
3925 2656
3765 5150
2330 5547
4001 4423
3542 1966
3948 4765
933 5549
2759 2941
4080 237
446 4054
2241 1168
3308 4350
1675 4347
1066 523
5206 3259
203 1701
3290 924
702 2831
5515 2324
4610 2154
5534 1012
1388 1293
4480 2020
446 4489
740 1739
3942 3878
5519 3963
794 1003
936 1523
3048 1652
4269 4609
5627 192
964 2261
3078 1252
769 5158
4202 169
1442 3353
1679 3358
4155 2483
797 2497
2377 2548
5111 2113
5035 2757
1629 1694
2951 5119
1738 2557
1073 4263
3131 921
4167 3310
4344 4056
5495 4826
2810 2948
5322 1019
3915 3059
4039 4218
1082 4057
2127 709
2858 1408
1848 1559
3447 4932
3804 4970
950 2103
2867 3687
2846 4684
4083 5014
3884 2990
885 1570
3261 170
3436 1361
1355 1661
1859 596
3132 2489
5611 5216
1112 1696
1620 3284
1904 4750
4349 5393
3283 3352
2849 2055
1181 4045
4666 4977
3783 5164
1442 3593
2283 2171
3020 1110
3278 3906
3012 2643
2315 2508
4676 4440
1118 1686
4813 1774
635 4719
3517 358
442 4516
1040 2254
2952 4839
2444 11
2488 4338
169 5498
4541 5401
5146 2442
2258 5379
1291 4986
2627 2465
4724 5411
1513 5159
1406 5109
2736 4854
298 830
690 2171
2493 3403
2893 3105
3335 4012
2340 1010
3705 5602
51 3121
3901 2025
635 1085
3419 1378
3883 2081
2046 1010
2027 4837
5023 3438
1139 3250
1939 2338
894 826
4953 3835
1830 1722
4280 3851
3648 2391
474 5332
1839 3439
5461 4496
3665 3805
4890 4942
4166 2634
1045 3824
925 1191
5231 3328
4917 2114
1030 5581
4611 2727
4575 3637
4335 4324
5047 2833
1047 1240
4677 2691
1908 5394
5274 5336
4920 5494
3333 322
4384 3425
5026 3598
198 1423
3886 3275
3619 3811
1360 4525
1855 2097
2311 731
1569 678
5428 3081
4753 3017
4305 92
4156 4567
1709 1149
1116 793
2148 417
1279 3618
3172 620
4434 2744
452 1672
5217 5161
2597 661
3282 3542
3697 1339
3137 3832
3653 2688
2647 2412
2354 1346
5553 1613
2349 4393
3527 3371
835 114
1954 3309
3544 5579
3275 5500
2010 3895
2526 249
4047 2009
471 3128
3164 2727
450 4478
675 988
1565 861
3050 2812
2808 2809
3105 3623
670 3633
2071 4774
5258 2575
1028 3408
681 2813
2797 2332
973 4170
2597 2759
175 229
3599 206
4836 5128
1325 3745
3756 1407
5102 4090
4377 3617
3169 2311
603 5257
1878 5028
1539 1690
750 1898
4430 708
853 2121
3975 1130
4677 2889
2712 3645
1220 4016
508 4237
1459 381
920 384
244 2777
638 4729
890 510
1894 5616
2458 1863
781 125
5449 2785
288 4551
225 4620
170 4219
3804 4573
3779 81
4225 1635
2542 2600
1859 1355
2569 4824
3195 5021
3263 137
1406 1354
3400 5662
5209 3185
796 5146
280 525
1221 722
1491 5425
868 3713
3851 401
1500 617
5235 3394
2890 2846
2246 4005
3199 4947
4228 3831
1589 584
1001 3664
2998 3878
1546 1840
58 4810
3015 3485
2075 4137
4251 4898
3278 1131
5120 266
3309 4227
602 229
1497 1280
4899 1590
1527 1922
3640 4344
4776 4201
1361 2909
4014 1895
4845 5551
2337 252
5502 1123
385 3146
1351 2497
4321 1700
2756 247
1946 47
3031 3713
103 3113
1491 2062
3048 4485
2554 36
5362 4355
5347 4378
5628 3106
5368 4445
5255 215
737 2902
238 657
2073 4537
5213 1760
1626 3313
5435 4456
1574 2630
1116 4193
3983 1222
425 5511
1365 2947
1610 975
1626 3197
3360 4706
5035 3785
5285 5555
2798 2794
2626 1918
4093 985
1066 307
4115 2357
1512 1899
1129 4790
5366 707
3318 188
902 2368
802 430
3961 5465
3249 4396
1857 3522
3365 223
2404 4814
2864 4394
3682 5038
2285 2096
3363 5201
36 1116
896 5368
5574 2558
1668 2867
4566 108
2431 2999
3928 4287
389 5238
2202 2895
2082 5305
2658 1316
3017 1810
5421 2673
4243 827
5569 877
3848 3398
1449 1880
3618 4059
4724 1903
4618 4100
2112 2698
4136 923
1402 4959
3722 5
566 724
427 4433
607 466
4779 534
1097 460
36 2902
1389 3880
3709 1356
4226 3680
4352 2358
3273 5425
2850 3262
2453 1532
1745 1531
157 1491
2859 543
83 1961
4144 4110
4933 2445
2328 5068
4727 4617
5160 1112
5253 3129
3974 740
3159 19
1629 4391
1925 205
3357 464
4377 4334
4823 4464
224 900
1067 1505
5271 1706
782 1263
3127 112
1176 749
3760 3731
4040 3808
811 687
584 1557
2986 1961
3147 2659
4348 2818
5565 3227
2165 264
111 5252
696 5394
2351 4760
1094 960
120 46
5437 931
3170 119
2553 2482
1909 2597
4790 878
5118 721
3356 1128
3165 1933
2927 3753
2773 406
979 1699
691 5494
1226 4998
3731 1907
5153 1894
4756 4578
887 3449
589 2434
571 4203
2438 1874
3600 1976
3073 3448
4815 2133
4278 4901
2027 3729
4706 3067
4823 587
2104 3772
1241 870
2312 2013
1568 2195
2621 3335
943 1281
2544 3059
591 5350
560 5553
2116 3066
4004 1333
632 476
64 541
2998 1653
5186 3749
2779 5167
2596 4922
4956 542
200 2872
3267 650
3458 4622
673 1083
121 4379
4663 783
3494 640
3830 1506
260 2270
4716 3182
1652 5549
1800 293
2996 3369
2316 943
3493 307
5461 631
359 3940
38 1051
1082 2286
4945 4524
343 1631
414 2092
3076 413
3194 2484
3078 2565
942 2691
4882 1194
1353 3201
5202 1880
1214 1795
890 411
4079 2420
5517 3314
5186 2047
4556 2853
4942 4169
2490 5120
1293 5265
4888 2171
1182 2904
5272 521
159 2662
406 880
3894 3954
301 5489
5187 2952
1065 5673
1508 1031
1323 3078
3433 1578
1912 2118
2692 234
1370 808
128 1841
3395 948
4570 2427
4545 1942
3560 2159
2135 4137
3332 4015
915 2853
1659 5382
1165 1219
3562 2913
2993 3456
2691 5382
838 2448
4274 1426
18 1700
4894 3632
977 85
3674 1766
1846 3717
1540 913
4635 4767
269 2156
633 2906
2884 4376
2629 352
4851 2764
4825 566
2307 4544
290 279
808 1916
61 3551
2787 2253
5079 1317
592 2536
2496 1273
394 904
3198 2104
1117 2644
1745 5524
3447 3290
5067 1711
2185 4988
1635 1061
5446 5268
2271 1991
4358 2557
1228 5650
2427 5021
2366 524
5111 2843
1382 5233
1197 5111
608 3611
2046 4738
4907 5060
2688 2449
5283 1782
2939 1308
1925 5386
3775 5214
3589 5601
1882 201
4182 5564
84 2889
941 899
1036 347
147 3206
371 4730
5542 5451
4615 4051
3131 1329
1686 2542
1702 1353
558 2017
1694 366
2569 2695
3589 4273
2603 5380
2299 162
5599 340
425 5154
5233 4622
534 2162
4567 2432
2036 5234
1139 3372
3041 5325
4662 2528
2847 4704
4158 1548
2655 4484
2449 1007
3734 2732
3116 5133
999 4080
4927 4712
2518 953
2423 2718
5586 2219
2955 1971
5341 590
3649 2791
4636 1154
4528 2529
99 3688
4852 3433
1999 5326
1926 3802
5419 1635
4919 3336
5058 4521
1389 722
867 3607
180 4382
4120 1032
3336 1587
3774 3728
3422 2786
1331 1006
5153 5541
753 3022
3785 660
3284 3422
1531 5118
1490 2952
839 749
1847 3243
813 1717
4503 4528
3246 3636
4960 5663
941 931
4722 1349
3852 5312
2726 807
3700 4382
3813 4346
5183 5538
4906 2848
3081 797
3418 911
2311 2226
4668 2357
2730 4784
2328 1226
1688 535
5121 2565
4985 5140
4872 3934
184 1611
2908 3327
1523 5263
4018 2160
5536 4327
615 2124
2818 3583
3075 1902
3902 3464
454 2049
4372 3049
4763 2209
5654 2519
1555 1453
1012 944
4121 5285
1992 5546
2800 1348
802 1180
5135 3626
993 5619
2206 61
2782 2256
4771 4556
3366 4686
488 5094
3570 5340
1527 2355
4612 2508
5024 2619
1572 1529
4258 916
2705 5112
274 1269
1229 1286
2993 2342
5431 3445
368 41
4777 3196
5134 3433
4102 117
1191 1310
951 337
5603 1535
572 2890
2551 3154
5026 2972
594 4202
4466 238
4443 3451
5482 1219
1709 5657
424 5321
4529 199
1739 989
2056 1591
2676 2821
157 4614
1607 4889
637 2037
675 3444
1963 1931
4215 460
188 4700
998 3625
3776 3358
5624 4423
1516 3624
5379 2443
1329 5262
406 897
2037 5050
2316 1226
2788 5452
1258 3529
5583 4030
724 186
5364 2128
5574 2243
535 4424
3299 3902
1824 1825
655 291
4185 2820
2523 2173
3936 1091
547 1795
3018 4392
1823 566
1453 1998
4386 5464
714 3127
1651 3845
3478 4065
2340 4490
2061 4613
4366 206
1088 1139
2407 4406
4016 2491
1312 854
1903 3612
4217 5195
2963 1907
1269 4184
327 4636
4327 4444
4095 2770
799 185
4884 3347
1251 4673
1238 5229
643 3888
4060 2280
5503 1436
79 3308
4439 2013
96 3629
4825 4388
1102 5125
2795 2075
876 3567
3931 553
807 1196
4313 2653
2940 1177
4000 831
2329 549
5490 3338
1972 3670
3567 4192
1085 4101
3996 922
4732 3289
3480 134
33 1677
1891 1375
4137 2727
1964 4840
2189 1830
3981 2871
2743 4319
5229 5439
312 2488
3925 5527
593 1152
3180 2658
1719 1395
4603 766
262 3300
4454 352
2502 667
4853 2802
4643 542
49 2072
4948 5367
3932 3469
5134 3042
54 2434
4643 3683
1283 1900
4655 5648
3747 2944
4452 4335
5522 3199
3155 1343
347 1084
3966 5520
5490 4566
3962 1268
3608 4829
1018 2064
2539 4751
4477 770
4409 2084
951 1905
422 4824
2521 3374
503 1826
1196 4025
2630 964
5164 1695
1924 1535
2708 3153
4600 5030
13 5431
2499 5357
5205 5477
3235 2965
634 3160
4118 295
1199 2682
4288 3229
3048 3743
702 3503
3289 5210
2367 4460
2302 4648
273 4525
2667 455
5077 625
1181 3528
1268 4620
2978 4178
5327 3666
5222 3113
2284 3699
1549 3731
2661 2897
319 5143
171 3866
4941 4663
5127 2163
4502 4033
710 739
5326 3043
5393 4617
138 4642
4558 955
171 3270
3296 4699
2411 4743
1168 5279
5072 3923
1187 4061
793 2269
509 48
4953 515
2829 2795
4510 208
3867 4104
3389 4688
786 973
1106 5012
1041 546
4257 732
3503 1379
1973 1257
3230 4557
2448 487
2796 823
1274 5169
774 2948
2998 4253
3518 1664
4539 1326
3597 4984
4099 54
4820 730
4551 1503
1525 4730
2543 2101
1017 31
4582 5153
2593 4668
3849 1665
2004 35
4876 4017
1238 2622
3035 3608
5097 4023
4130 2255
3390 1774
4917 1780
2417 2060
4274 5510
5294 4865
4750 3038
5671 3566
589 5520
4299 5505
5357 2727
2118 3785
2595 28
671 1871
1064 3536
5383 935
1286 1377
4671 1488
145 3479
1865 2020
2497 652
495 2193
2742 1734
2184 173
649 1735
2674 662
3662 1043
3804 4556
3578 1430
4987 3307
2744 3603
210 5433
5201 304
4572 4213
4401 2577
2237 931
1947 5096
4930 3450
886 2071
4501 2164
4278 2598
2740 3857
758 1955
126 4838
3394 4684
499 446
2531 3880
1140 2457
3782 2496
4248 415
3642 2779
1205 4690
268 5563
434 1355
5027 2896
2266 543
2991 3192
2104 5093
1327 4644
525 5654
1477 1129
2212 671
3704 2267
839 935
4140 1358
535 4655
2521 3293
2022 86
1693 5158
3449 1949
4865 2851
2261 3266
4911 184
2741 368
3532 3280
1129 446
1412 1554
2632 1640
1391 5368
5146 2921
831 4734
1214 3338
2433 1682
4321 710
267 3141
5144 2373
1897 2168
3445 2511
1935 2539
1523 1752
4895 1354
2441 2847
4534 4539
3585 1573
5530 3168
3025 2473
2276 5570
4705 741
2814 2166
1118 151
2526 5657
163 2266
3195 429
1939 1163
1717 4041
5660 309
2985 4572
4961 1248
3623 1404
1272 2803
3783 3312
3023 1005
3370 2185
2279 5447
4623 4568
4514 4143
1270 238
717 2968
628 3433
538 5068
4073 1522
1349 1780
2152 5530
54 782
4522 1131
2763 3829
389 1786
4063 5513
5044 3814
236 228
1974 4589
4578 3307
3014 2739
2396 4008
5289 1587
1336 2973
4970 3426
3750 4807
4021 1288
2950 5195
1678 3595
2809 3310
1717 1102
346 786
411 399
3926 5166
4844 1432
4058 2240
3936 3782
3451 4899
1252 4068
4961 549
3123 4882
1441 4865
735 858
5365 517
5378 351
4701 3786
5226 916
2026 3857
2292 742
416 1255
3167 2036
276 1377
121 3384
2820 81
5523 635
431 1457
1990 1201
5092 1077
1299 2804
3122 282
568 856
1194 188
151 479
580 2724
389 5094
5062 2858
2748 5498
4176 1379
2757 363
1977 4747
3913 5497
3552 3109
3848 2994
1241 2832
2018 4943
277 4249
2214 941
2236 2426
689 4156
1288 925
805 2214
5485 2547
1487 3684
5135 5166
1802 2927
4186 3062
4296 1904
3608 4683
5648 5674
384 5018
3188 1623
1292 1715
669 307
2571 2214
974 2626
4903 54
5673 3527
285 256
27 5391
2823 1240
708 4825
3839 4907
187 1879
1586 353
1503 3896
742 1873
1283 5324
1303 663
9 5366
3320 1710
1165 5115
4381 1166
99 2927
2450 3665
1486 1215
3056 594
3884 1907
894 2380
2184 4705
4495 3194
4696 3816
3770 604
3819 500
3074 584
1806 841
557 4679
1911 5136
590 3952
1588 1720
3612 4753
5244 4452
1186 4553
5524 5035
894 1020
3934 2090
4535 4828
4419 480
3082 2047
2490 1708
4601 193
572 824
620 3165
1483 4128
5513 4410
5089 2734
2409 3626
2994 5059
1462 4525
4084 3737
3446 478
3589 3406
612 5423
563 3903
1815 2831
137 1336
1192 1834
2748 1196
674 4668
2065 3470
1511 40
855 3457
4789 1351
5408 3562
1366 2076
5438 4798
3454 1341
4197 3509
2287 961
5396 5535
3898 3003
1592 1467
2967 4966
2357 4075
5456 273
4084 946
270 4499
5058 4290
2178 4431
329 2371
152 63
4679 2089
411 2868
5380 761
5194 2419
4286 2403
4299 1089
1746 2660
5416 5095
3114 5174
5599 1178
2344 1838
2917 4561
2457 2582
4938 5401
1315 343
5436 2834
1549 2366
3584 3918
3153 2738
3779 5049
1308 5311
1292 417
3666 1851
560 5519
2409 5526
854 1325
4800 223
1145 192
490 4761
687 1971
2716 1403
4143 1274
3598 4893
823 3656
4511 338
2872 4436
646 3398
3511 2400
686 5148
4726 288
4577 2904
2053 3583
2822 3652
1421 5217
1496 3090
2112 4453
4166 5621
2482 1451
1355 1941
5429 4991
3980 1605
987 525
3879 648
2860 3120
1210 4416
1357 5564
4250 1881
2766 4140
996 365
69 807
1355 4702
2703 465
857 1862
1213 4068
3385 4866
3788 821
4132 4207
2470 1642
1157 3400
3789 3867
1455 5542
2161 2052
2372 2875
3690 1476
818 5578
3356 142
2406 1274
4389 1083
2240 3771
4249 215
1142 5301
2907 5329
1807 854
425 4536
3776 2535
3184 3969
2943 1180
4782 1476
3173 3995
3284 4101
4193 1458
586 801
5071 4260
2741 5123
3826 127
3239 5058
4685 3068
4301 1869
5500 3891
2095 3896
2286 1989
486 2507
1254 4695
2281 2640
1879 3263
1360 1697
4835 5145
1575 5376
4050 4536
4358 4193
5493 921
2373 659
4275 957
3546 824
216 2528
2562 495
2621 2434
310 4508
2725 780
2085 296
1581 1758
2761 251
3972 1174
3153 3337
1832 3205
2875 382
4849 948
1377 439
492 2533
2369 613
5550 3904
2783 2814
5186 3657
2552 658
2768 2689
3697 4792
4545 1001
5671 437
4600 4752
1103 1039
531 4858
3340 3356
3392 5122
2583 5211
760 5389
5613 5136
5507 1603
4257 3902
5130 3602
2469 5037
1655 5111
5188 4385
1321 2413
5403 3762
4943 2001
1146 586
4676 1642
3010 4098
1953 18
2199 3388
5333 3412
1909 3941
2490 4881
4262 2371
366 3688
335 1247
1071 4305
4206 4610
3199 1928
5576 4880
2411 2488
947 2173
3271 1639
3034 2766
3121 5619
3692 2068
818 866
2265 3255
4394 1940
3674 1628
1956 4244
1485 3949
426 785
5025 4186
660 2563
3286 4935
5021 5290
5008 4441
4361 2589
2356 2460
2641 3523
202 1576
196 5670
3580 4806
471 2174
3205 3229
2340 2893
5411 1868
2670 3034
542 997
3976 1455
4580 1950
2233 3357
3989 3783
407 5288
357 4173
1649 718
3208 3562
2191 1986
2591 3260
4150 4322
326 838
1245 2090
1500 807
3075 4025
1132 4260
5198 3899
1966 1148
3979 3792
2909 4978
3049 5035
1900 2698
2735 3846
3968 630
3166 3806
4923 3457
3234 4221
3576 4174
2485 2352
5500 4739
1824 2151
5233 1809
3987 3209
5575 5284
1333 4333
661 960
3063 4379
3050 5301
705 1915
1266 5533
5059 888
120 3925
4688 192
5616 2521
4227 4979
890 945
2416 5413
2896 2290
3455 3202
1977 1231
2239 1626
989 1326
2153 245
1520 602
4417 1033
3200 1363
2755 1939
3375 1775
3662 3840
2949 4754
3111 3709
3996 1839
4366 3712
622 3871
5138 985
2894 3787
3885 4292
1970 612
1275 1383
877 2319
1009 232
396 1984
4843 587
4491 3032
5338 4898
4700 5607
2902 3410
2258 2909
5585 429
4647 91
406 1158
263 5434
2982 524
1266 4270
4810 4402
2616 2228
4169 1071
981 4373
4109 3585
111 4137
280 2764
3159 3998
3482 184
5205 2123
3332 4732
4308 3410
750 726
1298 2325
1915 1833
807 2430
3906 5321
2294 4847
457 3033
2527 2042
4550 1767
1779 2678
5315 3501
1126 4362
1016 3988
1254 520
694 3530
5657 3943
2723 380
1051 2986
4222 4165
4955 5630
1718 1045
1478 4463
3441 1663
2463 4088
5130 2179
3662 5605
866 1678
1642 1042
5212 728
3547 3780
4955 2318
1389 5331
88 3449
3042 1221
2102 1899
2883 433
2572 238
1617 4658
5610 1777
1911 3196
3904 5633
3643 3180
3689 3875
4390 1697
2837 2367
3904 740
3617 3898
620 3560
3053 4003
4404 776
4867 550
1398 4944
1829 2883
1876 5530
1592 2985
124 3300
5672 2005
5499 1958
3807 3180
2288 4030
1271 60
5069 966
397 5044
2451 550
885 1433
5442 1600
505 1936
3003 2875
5441 5669
2060 1390
134 2919
1890 1716
2343 3980
3595 3657
1408 2057
933 1245
4779 3617
2064 5287
3268 140
1550 2683
3075 2585
5500 1871
2766 3398
1978 5572
3397 811
1705 1006
4646 4825
5165 4647
4860 1744
920 2721
3606 3309
4001 3526
1521 4536
785 4713
1714 4676
2164 3706
5120 5390
2086 4538
2243 3923
3067 1785
5500 3779
4253 3395
1648 5514
540 1002
3555 1433
2866 4285
5642 4501
495 2061
4121 2055
4302 1432
4792 3315
5015 2735
5283 4651
3941 1871
3774 3305
1758 367
4690 4422
5159 4028
872 5173
2204 4077
3327 1497
4915 3468
554 4327
268 3886
2504 2806
2741 423
4186 2598
1831 3436
1486 938
2547 2422
1742 3360
5604 2917
1799 4367
3600 869
2005 2049
5630 2361
3809 4732
2354 5171
2420 2364
2587 4950
186 3100
2751 4579
3753 1357
5018 758
1917 2765
4959 4052
2106 347
2779 3065
639 2444
5109 987
1730 4724
1409 4550
4496 4529
2371 5224
673 5592
2173 1643
2368 4799
497 1573
4643 2574
4146 675
3659 3314
4162 1826
3731 2027
2795 2620
3345 308
2762 5466
3069 1996
302 3245
4274 3937
5131 4264
5276 4544
867 2034
4188 3640
1676 1484
1670 1315
4641 4256
1810 4453
3941 3721
2616 1746
1785 5502
2675 2245
4129 3315
2065 1189
4487 674
5607 2533
2139 1779
1645 4723
526 1933
255 3857
2084 2993
4764 5160
2682 3976
640 5400
2942 3104
4963 2399
3136 4822
2993 1292
5063 3807
4965 3215
3783 2145
888 751
2338 4670
4088 1996
2409 5022
4288 3304
3090 2007
3106 455
4737 2744
4643 3816
2 3004
650 1496
154 2964
5249 3574
2157 4418
1895 5189
2596 5526
3722 2029
4643 4242
1941 5135
764 525
1524 3024
3158 3771
302 4135
4955 4502
1921 223
1165 1302
2290 3292
5107 3066
5642 2066
5333 4222
4513 952
2289 5082
4821 5185
746 3442
4311 4248
3487 5585
1745 2440
1761 263
4644 2148
2386 378
3053 1707
3862 1484
2934 4545
423 733
289 1635
3621 2515
4679 2251
3101 2163
444 3310
5170 2532
4601 3857
4528 774
99 2655
63 5634
251 2866
1126 1837
3057 4463
105 2574
426 3512
3367 4780
3524 4978
1542 5558
4077 5428
3515 2545
4439 4774
1688 748
475 356
4905 3961
4947 4303
1817 2127
1339 3073
2742 5083
412 5598
749 3306
3276 4709
5169 607
2119 3009
2162 3138
4778 5504
2927 4473
3961 4608
2280 2599
62 723
3345 5316
4623 1152
3524 3142
1873 5428
1499 4799
2311 2437
592 5454
1763 4368
4200 4360
184 3953
5654 4327
2679 459
3581 2102
4078 3294
4141 3255
2206 4576
3030 268
813 3135
5300 3617
1079 2108
20 388
3360 59
2195 3121
1348 3869
1650 3844
4900 5530
3605 2584
2833 865
5499 43
5002 5549
5645 2166
4620 3683
4384 5502
5617 2238
2937 5236
4332 5505
1086 1989
383 1508
3022 1403
146 5129
2115 3936
4105 4069
301 1435
605 1106
4698 3905
5133 5558
4809 4826
5481 2364
2370 5113
1495 1505
4010 4162
4599 5537
4102 2155
760 2886
2295 2373
488 3134
1979 3231
3784 2228
1933 5102
1156 1596
1961 1662
413 1920
2212 1644
3085 534
2275 4016
2982 5400
5337 2666
2238 3399
3739 2129
472 5438
1976 1448
5263 523
2990 3227
307 3587
3917 3215
541 909
2535 4248
5008 3056
2940 4099
5227 2847
3623 242
2128 3210
2276 2674
3417 5071
3369 4145
1987 4865
1111 84
5147 1430
3245 1809
3749 4800
3145 2500
831 1725
308 189
1203 4535
4679 3924
3385 5631
710 2836
1332 3533
1989 5229
1542 3916
5092 1006
1006 4125
2027 2877
1420 2917
5377 1138
2607 3999
2868 1673
875 2352
1882 4096
3294 2766
3442 3639
4375 307
1540 5327
4462 1660
1742 717
3474 3542
1306 2282
559 860
3484 5576
5550 1152
157 3117
4967 1313
1488 35
4484 5562
5496 4884
1511 4827
2895 5248
5363 2139
4894 1651
5015 4821
3562 2779
5199 4997
3969 2145
4630 1633
5553 4332
2135 2475
1343 3838
3869 1662
3545 1603
1975 2461
3469 2891
2760 329
1986 3122
4853 1660
3320 3425
2515 1235
3209 5619
4351 5262
2547 483
2222 5461
627 2692
2273 459
2082 2715
2229 752
1573 5101
4672 2724
750 3775
4053 3645
4123 56
4641 2236
5454 315
3725 3922
3775 1981
3010 3103
4575 4531
1610 2497
1593 995
3095 4617
2849 4258
723 480
4406 1292
4465 5641
3435 813
502 364
3928 89
953 2784
4443 2062
3127 4267
1098 462
4227 3762
2570 487
738 4514
72 957
2546 4213
2169 779
4144 633
5394 4702
2583 1139
333 4967
1993 1822
3501 748
829 4303
250 4642
3246 1951
1178 1196
1901 2872
951 734
3650 4842
5468 5494
5382 5083
2599 5429
5613 2209
3652 3369
375 2963
611 1493
1225 5535
1013 1252
3972 4701
2247 2017
2025 4244
3684 4687
3030 3838
5082 2034
5485 724
2572 620
475 2391
2330 2353
1438 1743
2534 1274
2904 2523
2887 2521
201 244
3611 1061
3410 4045
2519 660
992 282
4398 1467
736 3508
3764 1656
1118 1214
3774 2839
2101 4554
3658 3203
4906 558
4777 4606
2283 1715
1216 3934
4421 2664
2464 5351
154 271
4304 3023
3287 2251
1334 3361
3979 4451
4912 3891
4211 5613
3814 5313
1407 4652
2801 3721
2010 336
4364 2237
4903 3816
3279 5588
4544 4439
3022 5080
1488 1765
1870 5333
2389 3048
3225 264
2825 5342
1416 4660
1091 1429
812 153
1164 3002
4327 1380
981 617
3797 1823
5404 2274
87 5237
3938 2399
5285 1771
4511 1215
3765 52
1711 1921
955 1617
735 4887
3611 556
2565 4966
2164 2543
1572 2716
138 4111
1735 3923
2805 975
5310 347
4221 4680
5605 2938
1653 3541
1709 195
2747 3636
4516 300
896 5221
2350 2464
305 5581
4981 3640
3483 1293
3035 8
3871 4423
454 864
1219 3493
2998 5124
4140 4242
1063 4159
4561 2262
4313 5346
2370 3306
1817 4799
1982 67
3796 2727
3919 5674
1086 670
2250 3339
2446 1268
5629 1985
2449 1621
2894 5302
496 3997
5419 5177
4987 558
4769 350
336 4023
3899 2196
5080 1079
3727 2890
1773 676
1821 3474
4067 5528
1681 2580
5196 4863
2679 2494
819 326
3824 250
5105 3269
3399 5572
3313 413
221 246
1859 5456
4464 5160
217 367
5608 2029
4925 2931
1054 1990
3115 5354
5348 2292
151 637
1067 3128
4510 4573
439 297
3772 2314
3224 3465
2789 2732
5508 513
676 3003
318 5627
960 2517
2127 4026
4910 3898
4628 1219
4699 122
2458 1373
1889 3400
5054 5668
3155 3409
2856 3795
2051 1168
1575 5211
4648 3948
5075 5562
3241 4570
3000 5384
459 2854
1722 4581
3969 841
4850 3276
4204 4653
4753 5615
4041 5476
1891 3573
4585 1675
180 5462
3699 868
5560 4602
1537 2600
2588 3225
2177 722
5367 2192
3059 1862
1006 3745
1083 2088
1738 4558
723 2112
131 2270
500 88
5000 4030
4107 208
5415 116
760 3699
3860 3589
1014 3704
1585 719
2902 5105
5309 1842
3140 3015
1854 941
2174 312
3857 3997
4975 2337
4039 1601
1343 813
259 5481
4246 5256
3896 453
1887 3727
5279 4742
2639 325
5609 2811
3577 2784
4898 3053
3475 3209
3179 3260
938 5540
286 1002
1104 428
314 531
1818 5227
4525 2319
6 115
3803 4009
4445 4125
2086 792
332 297
1759 352
4493 4227
3237 3455
3686 4086
1986 2749
4948 5602
4502 5112
5585 3766
4974 3418
2405 1751
4458 3767
745 4983
1239 4040
5123 4980
1845 241
5171 5643
5669 4650
5590 2679
2957 4325
3386 3367
45 2307
1243 1619
2519 4031
2742 448
4732 4426
3878 4976
1548 4773
1017 4168
2667 4317
5084 773
45 3918
4691 1344
4589 150
2230 1406
2053 3229
4521 120
3194 1074
2357 4420
2175 5336
5117 870
1797 4038
1363 674
2272 1367
2472 3071
1169 1207
1823 2431
5543 4069
1647 2502
100 3573
4403 5052
1412 3531
1573 5128
2846 4406
3436 1940
5164 4103
4475 2509
1543 255
107 974
3371 5511
5576 1410
989 5058
4355 3449
1218 48
980 5396
2849 4749
4368 4780
1743 4186
4829 1730
591 1000
4306 3170
929 276
4850 4417
1614 3401
990 1740
4774 2751
3792 828
3424 2019
539 490
2425 4144
2061 5374
1114 4869
373 2621
784 2910
1964 3111
3200 5035
1765 3874
3287 5056
1370 2045
1084 1827
2487 4010
237 238
1794 5437
952 1024
4001 4996
1117 2069
5083 1080
3262 4012
4128 4926
2021 1108
664 3004
794 5242
2301 4138
2261 423
3344 2452
1712 4350
3505 1115
195 4509
4650 4518
2134 2395
2312 4750
3544 3451
2929 5186
1102 1947
3621 1199
995 1981
3337 1143
4794 3535
1042 5150
2607 3641
4440 1570
1607 3651
4221 2141
2607 1209
1270 44
2564 1786
1563 5249
3198 4636
1830 4300
5621 692
2408 577
4312 3505
2841 75
2482 2329
194 197
2983 3236
4412 5358
1185 1280
549 5575
4764 3677
5620 4372
3313 1312
129 1800
5561 472
180 1530
5628 4247
764 4802
2921 1302
4932 896
561 2504
482 5175
1714 180
2304 1378
1866 1983
821 1415
3418 57
2851 1158
279 4436
5629 1870
4032 5107
5278 4373
5452 4694
2843 4245
4880 2199
974 344
5310 3310
2571 2054
1467 1847
5634 384
1910 1664
5629 5078
1006 808
4481 3444
4914 4978
1878 4732
14 3018
14 1432
3155 5520
354 5115
3269 589
3239 3527
5594 4142
1643 1017
2946 995
2529 37
368 3446
4555 3527
696 180
4794 3376
1973 4206
5406 2250
757 1484
2462 116
666 4895
5257 26
3517 812
5287 1709
617 5478
465 2638
193 3197
2165 5182
297 1769
1846 797
1140 4723
5566 3702
2723 2804
5180 4444
2756 1423
4767 2532
2069 95
4287 2489
3583 2659
1436 4929
3436 5051
4908 5525
1242 4963
1768 4490
322 4621
1070 1929
43 567
24 3012
1102 682
1992 1154
4661 1558
4835 2774
1631 1072
2148 5510
4522 603
2424 3725
3193 1241
4555 4194
3222 4007
93 4359
3579 2725
603 4195
4081 3456
3016 3555
2587 775
4027 177
5580 5433
3102 2906
4256 4146
1845 5456
642 4848
3003 3904
3864 3631
1012 4835
2428 333
4262 4382
2803 2427
3821 5080
487 3791
4095 1514
2563 4847
4217 4671
1585 2710
2692 3182
2855 4426
3039 3418
2112 3453
2786 3094
4348 1828
1511 4479
1647 5407
4747 3662
4444 458
198 5563
2297 2263
5454 5235
2909 586
3933 4434
2828 634
4119 2579
47 4161
3577 2327
1773 1044
2564 1891
622 1715
5449 3479
1512 3447
4290 2358
3255 1310
2556 4277
1742 1059
1782 5044
3203 778
4999 578
4240 964
1473 3516
2348 4016
3687 4902
5599 3043
2993 84
349 3279
389 602
164 5057
1440 263
4963 4043
3064 5656
824 130
2045 2944
815 2289
5444 3468
4207 362
4476 3037
5610 2105
3209 4546
97 1893
4944 4956
114 2720
4013 3685
575 1686
2704 4954
2869 3495
3046 1534
1801 3437
3357 1876
5190 3581
4226 421
2223 4631
1869 5361
1854 2092
1269 4902
4330 5032
3455 1871
5512 5657
1351 4729
878 3321
4141 1423
1302 2685
5270 3633
450 2205
199 5068
5416 677
2333 4323
2071 3237
2765 2172
3850 5480
2049 3483
4684 133
3161 4718
2098 5635
1068 4637
5287 5528
86 4257
1979 857
3804 1157
3499 3099
4096 4872
5094 1103
1853 3367
2445 4568
1572 2201
741 3277
3752 93
4470 323
1028 676
191 690
1232 2771
637 527
2877 3437
3400 3221
102 3085
3753 3662
3656 1742
4466 4364
4695 1683
4366 459
2016 1989
1893 4669
3720 4017
3605 5632
4566 3042
2025 3434
3928 1104
1143 4547
5582 5493
5214 4233
3768 2907
1690 3220
3591 5354
5091 5026
3111 2692
4806 3861
3736 277
2670 937
5227 425
4511 579
1397 1768
3492 3015
4376 2223
2943 2031
145 3302
1523 5424
3595 4487
2584 2926
4038 242
712 1216
4082 1026
3635 3977
1166 3479
5639 1167
5076 4123
2480 4325
3638 4494
3195 2977
4683 1360
2374 4322
182 4909
1621 856
5086 953
2276 2453
3441 4794
4606 1940
2795 738
4783 5609
1867 4515
3479 1946
4665 3766
2453 4064
664 1077
3324 2979
4719 927
5295 5590
3102 2958
553 4046
630 911
2569 907
650 1476
2112 859
4999 1747
5363 3973
923 3405
2274 3767
3206 4398
1789 5073
3779 1190
565 2285
738 5393
1774 3179
1858 448
3319 3984
2894 3607
2805 1262
2922 71
1549 1726
2605 1528
1566 591
4140 2263
4446 4206
2621 2003
5031 3227
2353 2441
1539 1241
582 4245
4143 5643
2081 5263
967 2412
5448 1338
1084 1969
510 1330
5527 3814
2028 4461
1873 3270
1514 552
2622 3745
3256 4790
703 2276
1967 83
79 5549
1559 15
3994 2966
3015 5161
2992 1152
2661 2360
5285 2912
2053 999
5465 4878
2133 1365
4618 3438
1804 3544
564 315
3876 726
2840 2879
3090 2609
3866 3615
3350 106
4389 1023
2181 3715
4591 114
3146 861
5641 5476
2387 2756
4664 2380
4032 4872
3459 532
108 3563
5043 3422
1302 3914
2156 4296
4313 4965
1035 250
1754 2168
2189 2603
2069 5672
713 2297
2370 3236
1943 5470
5111 1916
1818 856
433 2843
1605 279
3740 2181
4878 4029
5659 149
2122 107
4940 5011
5537 5674
2782 3083
1612 5658
1642 2577
4682 1752
5541 174
4024 5283
2616 3857
3773 5498
2413 4990
4208 3669
1415 1762
1485 4800
4157 5309
391 1389
4079 1779
4691 1805
4038 3123
2401 1319
4768 2824
5437 4613
2623 1294
4753 1391
1042 685
1542 4991
1504 1934
5069 5519
2893 4499
2686 3980
3623 1047
2079 5457
3738 1845
2318 5626
4650 4418
3748 3284
322 610
2848 5233
1509 3149
2598 4403
1394 2779
5445 3178
4074 2780
1822 3645
5256 1455
1038 2909
3615 5302
4580 1662
3617 5115
4011 5617
1642 5620
2444 1721
4806 2644
1932 215
3130 470
3291 2945
1019 9
3115 3628
3517 1881
4284 169
2591 247
4839 661
3345 2242
2953 877
3050 1245
5102 3599
20 1911
5598 3187
3992 1708
3098 2072
1330 5227
4695 2290
1513 2369
4843 4792
3099 1445
5083 5176
4131 4094
971 25
4175 4
3944 4944
3607 5241
250 4470
5241 3625
2308 3538
5524 1559
2083 5638
5160 5453
3203 2196
3786 3566
2085 5651
3826 5449
354 2565
493 1622
3275 2312
4000 4469
4405 1806
199 593
1 3814
5068 1608
3166 742
434 4027
213 2087
5446 3426
3861 6
5373 5318
3466 3736
4100 3548
5148 4970
4417 3072
1070 2819
2657 1578
1671 5500
3813 3577
630 5555
2770 464
1508 3252
1344 2585
4005 1101
756 1427
5200 474
4956 4793
1669 5486
3425 4324
405 289
3562 5419
2962 2211
2390 3457
5567 2242
3792 2740
1692 4355
3514 648
4091 2976
5117 1439
5244 3216
5389 1167
3557 2988
5306 551
1651 3808
1344 4676
5326 952
3065 92
1583 3832
4722 1798
5024 2102
100 5372
3800 2801
689 4699
3652 46
63 1129
4763 4159
4323 1541
4405 4447
1945 1847
202 3547
2417 3336
3867 5406
2112 4880
504 2431
2921 4466
4392 4668
1903 585
2347 1647
1541 245
4879 5103
1512 663
3303 1061
3913 5641
2418 4928
4573 2116
2244 2681
2944 3244
4829 3669
2408 2833
4873 5181
3726 929
3663 2130
5052 1420
2759 1550
773 3645
4741 2853
2973 1471
3687 3595
3098 4609
90 2775
1654 1113
919 350
1559 1656
4804 3677
14 5243
327 2067
613 4969
597 4523
1754 1543
5489 4719
3976 1267
2091 4535
1413 1517
842 3610
4102 1961
368 3570
3928 3363
702 2180
1760 5071
550 1253
2042 4041
5167 1547
2884 2258
2504 5383
872 623
285 4995
2259 4494
889 5254
1508 3770
3046 3579
4559 3740
5555 5149
5187 2859
645 3100
2342 4357
4303 4746
4878 5358
5485 3268
2233 1974
1874 1495
4202 5237
3821 5659
4328 3896
1118 1529
4691 4464
75 5414
4972 2419
642 1415
4367 3477
3749 69
2154 1071
239 5210
4651 5574
533 3183
1648 3823
2330 1476
5053 5498
1105 1032
1543 5460
1553 2829
2317 1802
67 5485
5569 1217
463 2344
775 3937
4379 3962
4367 608
1508 4840
3914 4247
2926 2851
494 1385
508 4235
3795 5562
234 4772
4597 4877
4679 620
738 3290
4132 4863
371 2567
7 5529
1159 2766
2803 503
848 1282
477 2892
2018 4759
3215 1994
4212 5288
98 5043
2016 3674
161 271
5480 3407
1083 3491
3123 3172
4983 769
3007 5202
5623 3003
4899 1526
3867 2773
1891 70
2950 780
263 2417
5355 753
4533 2779
2229 5007
43 214
221 2111
22 638
5604 5392
3271 1126
5458 284
5246 679
4136 2475
3346 4219
3311 3713
1998 5560
5353 2576
3778 2300
4757 521
446 2567
607 1489
1265 5392
5031 170
5094 2371
1003 2810
4044 4832
2319 3714
1938 3627
396 5100
2813 241
1096 4111
4989 2706
2757 4089
5059 3518
1509 5159
3883 3700
3754 1687
177 701
3853 544
910 3494
2397 4022
5177 5304
935 4425
5549 2681
1225 2483
2953 3468
432 2033
988 3628
1932 3009
1281 4216
737 2785
3593 1927
5629 490
1812 3144
4003 5640
3197 5120
4047 23
437 2441
4004 5496
1753 1526
4275 2584
2136 2710
4044 2143
3047 363
2589 1436
1505 4123
1600 2511
1662 3157
1749 2480
4381 4734
2778 952
318 4952
3194 1623
2897 4397
5498 4510
986 593
1739 1731
2142 4005
4448 2005
4059 2044
2963 52
4744 3021
5194 5214
1029 4626
2756 1984
5039 2826
3621 3600
5528 3420
753 1479
4993 3822
345 3539
1385 2276
4836 3874
3132 5264
292 1899
4049 5404
1398 4427
1152 2675
1665 442
3035 5657
3086 4056
5331 5223
5130 4286
2699 1681
531 4646
2132 2868
1765 5094
3400 45
1620 1478
3056 4992
3242 1248
2509 859
3052 5581
2541 553
3282 5633
222 3579
2472 3334
4835 3469
2832 3467
1162 4940
2632 2227
4798 926
872 5610
1082 2988
109 3027
2404 4392
2373 2182
3954 3891
5063 5298
1371 34
3339 2049
935 2169
4203 4168
1428 2201
5427 1555
403 2078
3202 664
1705 3259
1371 4113
4349 1494
5426 669
2290 2035
2599 895
76 2075
2021 1472
342 1446
1805 5337
2549 703
2608 4006
4402 761
5296 5642
2305 743
85 3609
1108 4108
2860 4145
167 3385
4106 2156
164 1621
3505 540
811 2227
4865 5344
1999 2049
1142 2328
3303 4596
3887 654
728 1505
2135 4581
2589 2244
1667 5501
1840 5172
5543 1122
216 923
3087 4900
2545 248
1076 2858
2411 1937
2023 1628
3103 469
177 1517
3694 3329
5080 2897
5129 1366
1169 4035
5242 2597
3893 1285
277 2961
1590 4349
3102 885
5357 934
5275 438
821 4582
1636 3215
2196 3350
3966 311
3272 267
4625 1985
46 5585
900 2095
5525 2934
3762 4950
3376 87
3918 3616
4964 541
1816 1216
3505 4374
4614 2566
5260 2081
2344 5619
1752 2000
2274 4916
4153 3719
3257 1414
3326 540
3733 2423
3094 1058
2553 2124
5440 3446
3490 237
168 5351
4095 969
3595 4423
5077 170
4425 5173
2856 2392
4929 5126
5434 4983
2034 5315
4819 102
2878 1363
2759 5544
4901 4065
3121 2345
2041 4758
1998 3007
1666 3462
2573 5524
256 537
35 154
3913 4169
2137 3859
413 1402
4881 3576
603 1981
4924 4968
1300 1795
2211 1857
378 1369
2734 3936
4762 5132
4045 772
5376 3240
2727 74
1292 3242
42 3369
2199 2259
1098 2213
5423 1416
3511 4303
3719 2221
5463 4319
1758 3290
372 2945
3598 415
325 4542
2292 5018
2063 4411
3077 2045
944 742
3350 2836
1749 3612
858 1202
3256 4599
842 2679
2716 1387
5535 340
3691 5000
3686 5199
387 5280
1436 956
4360 4309
4688 1523
4640 4288
2528 2967
348 4087
4998 4220
1529 4241
1295 1288
4986 743
4487 3850
778 3765
576 1042
2951 3055
3408 4813
5264 2027
1873 3615
5221 2713
2396 1045
3196 5603
3198 4116
4665 2307
310 5455
3990 926
2609 259
1888 2746
653 2187
3375 3544
3531 5566
5440 3231
3856 518
4856 4282
1963 2194
2882 2060
1767 2169
2452 825
446 5294
5091 1143
3710 4360
3242 3133
4562 720
739 3678
2204 4519
4931 3052
445 1285
4166 3888
447 907
2701 531
2692 2166
3866 2474
5008 3968
4232 992
3812 3053
2873 2717
4369 426
1026 5536
1042 4935
3491 948
4856 3227
5456 3197
1554 35
5316 4
284 3739
2540 3232
3420 3688
4060 1621
3935 3335
165 2567
4683 1336
655 4528
109 1985
5303 1212
4183 4217
4463 218
857 703
3869 2852
5063 633
612 512
5137 2193
4232 2940
2626 490
2649 208
1469 5559
4029 2112
5318 5362
3535 2401
5077 144
5108 3843
4424 5585
687 5472
760 5069
5334 1503
1239 4191
865 364
1552 420
5584 4142
1238 3869
4904 4535
1327 3768
3218 4223
3492 3440
1093 2077
3421 251
2357 2013
539 4699
1941 937
5302 1449
83 302
211 4065
2007 4793
4673 1356
4288 4160
2943 3010
3092 904
1108 683
4220 3571
3067 4205
5236 4163
4362 2388
3175 1205
1718 2587
5494 4177
447 1099
191 4534
3434 342
3450 670
736 1963
895 4039
3125 2912
2924 5155
1593 3147
4908 4933
2962 5151
3114 1640
2815 1825
37 4429
3346 944
6 1722
1384 202
2080 4709
600 2314
4731 576
4814 3228
2717 4882
2248 899
2843 1015
4655 3197
4103 2671
2779 5620
3782 2941
593 1234
2448 1203
3403 680
2319 3087
92 4239
477 964
1830 1090
3943 3064
5504 3085
688 2704
2989 3913
2243 2293
4721 3822
2334 4426
1237 5371
4125 372
3866 298
1505 2245
3042 2495
528 1868
5317 4811
2550 178
1423 1836
572 5534
3226 4355
1264 1893
2708 1985
472 3064
3187 4703
3462 2720
349 3220
3977 5395
4423 1046
3462 2903
3234 4382
3091 3188
675 391
5544 2514
4951 1089
4935 3334
5061 1089
1657 5347
3651 1439
4466 2991
3280 5589
2965 4374
1572 4029
4650 571
1268 5449
2227 934
4009 4438
1791 3340
1193 4007
5220 5414
2233 4761
755 78
2618 4207
1817 3505
3320 1654
1207 3426
1276 2535
255 5202
3311 686
1601 1231
1112 609
3526 545
3066 328
4371 3806
1217 906
2356 1427
5101 3234
1812 1371
2864 242
1645 735
2985 5664
5425 1991
437 5302
1597 3439
5297 513
4559 4316
742 1494
4956 520
286 1171
3193 1569
4578 17
2566 1713
3077 4059
3562 4101
1233 2132
1211 572
5043 690
5268 5297
91 2051
3537 3283
5672 5567
5478 795
1144 2808
2546 3415
4903 1258
4290 1827
4588 4654
4768 83
3220 1234
3348 2493
3184 3672
128 4803
1420 4075
62 3687
761 4682
4065 1756
4669 305
1803 4146
4271 794
2548 4348
110 5555
1983 1608
2643 1017
982 1017
1109 4860
2489 4329
4528 2594
3900 1996
2749 3130
5135 2159
114 886
67 4051
4064 859
4380 3557
2392 5030
382 2641
5635 5022
1913 5472
312 89
1952 1993
4531 4131
3141 1280
3902 4880
1576 3213
36 2249
1191 2695
4023 5230
364 4712
3790 2630
1362 662
828 4692
4365 4560
4443 5484
4680 691
1226 3081
2074 1096
2128 33
5201 4087
1262 1938
3784 5576
2840 1910
2917 1315
2671 624
4806 2317
4796 3468
4390 3119
339 5512
305 828
5096 2930
945 1561
2736 2421
1205 4797
5464 3752
4393 4141
2254 353
5388 5202
1812 77
67 2688
2321 5632
565 1441
3262 5113
3299 1768
405 193
1372 1478
2612 805
2497 1589
1373 2435
652 548
3258 3007
2926 3393
3933 3049
4505 3713
3269 2022
5352 3269
5253 236
829 1604
5582 3991
4378 882
5222 2691
2919 474
360 162
4312 438
1975 1044
919 3293
5327 5438
1561 3141
2158 1950
2711 4176
4259 4780
2474 1928
3931 2529
4403 294
2918 1073
2477 2243
1252 491
1033 4484
1758 2650
5174 4851
647 507
5415 283
664 110
4654 3902
4834 4426
4084 2048
2790 2590
290 3075
3273 1039
1314 637
2097 3499
1752 4800
2677 2915
3899 2941
4913 2702
3883 4059
3529 2629
2150 5638
596 1174
3286 4834
2483 301
3121 787
5017 4382
2635 1622
5125 3325
406 1344
3762 827
4084 4436
4385 4687
5389 537
4250 2647
2616 5271
2175 5160
5161 1582
5463 1366
5008 3646
1641 2046
123 1626
750 1475
4604 4048
3454 5150
826 4980
3705 1183
4551 4825
349 5011
2890 1892
1067 4075
897 159
1389 682
842 538
1482 4358
1992 5388
3224 2498
3058 5279
1287 2508
4083 3625
1233 2627
5345 2011
5145 5516
2011 2174
942 1518
1723 505
2600 1474
2734 3984
1173 3284
296 2163
1773 4420
4348 4936
2955 3629
4038 3318
3428 2936
1382 3574
4032 2104
388 1587
1258 5046
1629 2955
218 4897
4565 1706
3142 3384
196 2657
4054 3657
595 3949
5037 4862
376 3881
5647 2389
2773 5183
2089 2361
3852 4808
1716 3779
2973 282
1509 147
4564 2265
1131 4613
3332 2088
1844 4139
5634 4810
2595 3552
1112 2708
552 88
4559 1578
4816 2427
3208 5076
4731 1320
5278 3793
1793 3762
3471 2106
3867 1273
4854 1887
1483 2687
2390 4343
448 1279
90 2495
10 5480
526 3814
4953 2876
4861 1462
4487 1109
2812 2968
2993 2787
1512 3812
2080 160
888 4890
4902 3403
3574 862
3282 4769
5534 4960
333 5673
285 4778
5556 1319
1511 3938
3098 4280
5035 76
5009 3076
5275 3636
4769 4781
4873 3237
493 4933
4172 2512
4502 4047
4242 2000
5374 5035
4036 2029
3202 3989
3019 1482
4849 2185
1483 4769
2301 580
2267 2811
3629 5317
3425 5600
3705 974
1616 3518
4943 3880
3608 911
1864 4115
2 3951
97 1563
4811 3573
3835 3796
2662 3069
227 409
5119 400
1872 533
2429 3437
3573 167
3367 2407
1739 4370
3494 3053
1470 1060
374 1126
1307 4470
3827 2753
4654 2326
1235 4245
2201 3048
4824 4254
127 2527
901 2746
3710 5364
4847 4010
4346 495
5145 1112
3251 4737
2144 2935
2364 3557
1679 5107
2811 2906
2806 408
2109 4918
3890 191
3147 596
5270 4661
814 1072
1634 2485
3208 899
3174 790
3049 1018
5522 4317
1361 5330
4918 2143
3131 4283
3178 5075
1455 2640
4206 3336
3712 2439
4770 5617
170 2045
617 4076
169 170
1501 4162
897 798
460 4368
5152 5086
3534 1684
4846 2988
4409 770
4484 2915
4311 4787
1415 5330
2793 2514
2071 1047
488 4299
831 1387
3170 1943
2651 5300
4166 2936
394 4942
1776 500
759 3452
675 832
1932 1691
2895 3811
1295 41
4963 3926
357 117
2833 1442
5664 634
4026 3765
4512 2440
1098 3151
1368 2600
1218 582
5193 70
630 3233
5548 877
1358 1974
1796 1316
4072 28
3261 788
1244 1327
2708 3251
1494 2925
5355 2273
653 586
5107 1098
540 1589
514 2731
2747 2296
1357 1828
4213 1267
5080 3396
5350 789
1034 3142
2899 1088
828 5206
1110 5587
871 2800
2926 925
2758 4169
3539 3110
3736 3108
3784 3711
3515 4299
5203 3491
3483 5603
4047 4548
4889 2994
519 4829
3620 1213
4411 328
5576 3368
2955 1481
1164 457
3186 3605
2110 2532
4493 3340
1415 1556
1857 4796
1325 727
4772 714
4322 3304
3232 3383
546 966
2810 2510
5310 1650
2215 3901
5439 4568
3901 4072
3063 1981
3187 3808
416 1910
3665 1890
5504 4002
2690 4633
5096 1493
1624 3917
4946 2737
2930 5364
158 3065
2765 1514
2069 632
559 4351
2049 2769
4589 2335
1266 3435
102 3551
2271 2366
2532 1725
4110 4050
2764 4438
2645 3453
5621 2941
3100 167
3541 151
2805 558
428 3295
615 3166
781 4927
5010 2567
3589 2684
2977 1765
2423 1281
3673 1353
1750 1973
2939 1622
5166 2386
2416 4034
1996 1629
2876 1322
4357 4964
1806 1323
4553 2405
5510 3835
2114 4519
699 1194
4849 2680
3124 342
3308 4505
4563 4822
5371 3199
1385 3002
651 1581
1762 4795
2764 4164
5275 1929
2070 5526
4546 2923
52 1787
2910 1030
3972 1727
3949 2184
5425 3723
3986 4758
3760 246
5539 1153
4045 4249
1824 5223
4328 37
2043 1327
4373 3430
1966 2199
4991 2590
3849 3059
2559 18
1777 887
1799 1586
1168 799
3002 4285
897 2934
3623 969
3572 4580
1737 5485
1187 1702
4606 2146
1818 1171
2049 2604
207 3946
147 5587
3031 2773
243 1835
5375 2943
2584 3382
889 2864
1736 5231
2239 4020
2472 5178
3122 2629
4562 3851
5130 4312
5551 510
5640 1431
4633 4349
558 1812
2990 5461
680 3408
4453 5072
4891 4148
3579 3468
4484 4663
624 5645
5270 550
4438 4371
1441 1107
4883 3783
4065 1822
4875 1313
2184 3155
5299 2162
1647 3251
1339 3017
1597 3127
1297 4642
2246 334
71 229
449 5230
2815 5540
4413 4519
4194 4931
5409 2154
3262 3972
4545 4852
3428 1829
2392 4576
1683 4823
3879 1881
5434 457
1316 1458
4099 4512
4357 1693
4990 4361
2617 835
2657 4134
725 2000
5281 1360
268 3311
425 2888
4669 374
5401 620
5105 4203
2694 1742
2407 2304
5546 5339
1082 4187
518 5444
3034 1318
3146 1098
1636 3634
2079 81
5300 3751
1230 232
2432 4648
1625 5542
869 3174
5434 598
4078 3655
3647 2331
3778 5445
1215 4399
3151 2456
1644 2860
5137 3748
753 5400
4949 564
4702 1910
2933 3445
3009 4900
5120 4427
4662 2050
695 2909
3750 5074
3035 1415
2504 4956
1401 1703
387 2799
4245 966
2648 4153
5299 2891
533 5052
4389 3058
1536 550
3583 5503
3981 2516
2619 1138
244 4221
4143 1949
55 4580
2248 261
812 3779
5672 5220
730 3240
3858 4727
3011 3943
1861 5155
5666 3584
5645 3488
4018 892
4241 152
5147 1879
4033 2216
1230 3611
3714 1426
2553 1743
5295 597
3716 2971
4985 1961
402 1770
2890 5277
1798 4808
3666 810
110 1927
2887 1261
1840 4583
1384 2701
361 4581
971 3050
1942 2597
5223 799
1425 3964
2862 4731
545 2656
2177 4812
612 6
3935 4131
1997 4724
5334 546
2468 852
241 3262
4201 4728
3709 5661
3120 2404
1375 2586
2882 5028
3610 2176
4745 5166
3888 3126
1265 2894
4124 2307
4650 1661
5502 2055
3266 2571
4212 3319
2362 1512
3133 3153
971 2618
1581 1466
1272 4805
3810 3970
1851 780
5505 4520
5356 2310
5209 3471
835 1425
53 4696
3666 5278
3815 4008
2275 5216
1755 1516
606 2353
2261 3129
1931 2114
5420 3304
173 1644
4181 3506
4458 3342
4114 784
1458 2792
1887 5204
1924 5421
5285 4405
578 318
1969 3148
2536 3487
4153 472
1056 5501
5353 784
3179 5055
993 3105
1885 2190
3043 2137
4406 1458
3297 5266
1610 1301
4853 3389
3536 495
1958 344
4092 382
2281 2996
160 2060
5592 4602
5203 5654
5207 4896
2375 2555
1803 582
4540 4158
2466 5216
2876 2731
1449 3539
103 1365
216 4680
4258 28
5676 5087
3938 3432
379 5486
5068 3925
588 2510
5159 4302
1635 453
3168 2953
2857 5307
3919 1466
3620 268
3235 921
1102 2382
2247 3976
4776 3195
296 3450
5142 4971
4262 1159
1887 2186
4157 4957
2392 4069
1037 5583
5133 2266
4072 2542
4106 4722
4555 3465
929 1077
899 4143
4167 4891
1356 1145
5201 3697
4512 5451
2032 2732
393 2273
1186 2918
408 692
2082 4588
4496 54
58 3634
1642 1784
2680 1050
1469 4883
4564 4152
2509 3196
5585 1466
430 1578
3378 2704
2335 2472
5266 730
4660 4099
3066 3052
3891 1156
4845 2135
2292 657
3551 1178
4221 4862
3895 2728
2372 1177
4291 5546
4914 4085
4259 2432
4479 3524
965 228
1759 4339
3226 186
5309 5578
26 4826
692 267
4556 1201
870 2064
4115 1733
866 2973
4692 1406
2906 1747
3284 5202
4232 2021
5029 5522
4934 2372
1581 3066
5637 1552
2203 1283
3774 2775
3267 4918
1804 2796
1004 4659
223 125
3958 4499
4487 3221
501 4073
5299 4541
4486 4052
60 3638
1027 2562
3061 3351
4114 1109
772 4454
4394 3451
5622 4505
3442 5396
4952 3282
4552 4041
577 4976
5250 4608
2351 4502
407 502
972 2860
3363 1977
769 1426
129 3614
1943 4420
2693 442
1512 1067
3218 266
549 3620
473 454
1879 5063
3166 4064
2186 3803
5573 5457
1542 3661
5030 3188
3120 1450
2926 2170
5565 5582
5029 2710
5416 4065
1188 5525
530 5405
4240 1774
4067 3767
1535 3143
5552 5109
4721 5413
3169 1182
4749 4141
1391 2047
2678 3658
4770 5181
2656 1547
1539 1856
677 5172
2184 2499
2594 1055
3001 1493
4906 75
2545 4048
2591 1958
3182 2722
1463 3260
4287 641
4843 1949
913 916
2088 80
5269 2332
1167 2524
3987 1449
5559 4516
3637 508
800 2364
3247 28
1806 5208
1100 1234
5154 663
4356 3930
3995 5120
1532 5061
3755 3981
3832 1384
4230 2243
3403 1160
1058 2876
132 4738
2584 3478
147 1396
120 1470
5414 2430
4683 4113
2747 1306
4660 3372
5588 892
3258 3983
2017 2016
3540 1040
4284 4063
1304 830
396 5608
4719 5073
2426 1511
2490 1572
3476 1165
1549 4598
2450 2336
3397 4703
3499 2793
4516 232
2246 860
4551 5349
3251 181
4015 2096
355 1946
4808 834
4529 4729
3722 5488
2877 1755
4397 2326
1103 1957
5023 4614
5315 1874
3221 1091
5445 311
3784 2027
2708 3472
1128 4169
302 1915
272 3497
4733 4895
2433 2533
2352 5108
2982 3192
4013 797
179 3577
3881 5100
3884 4126
2557 2061
2350 1499
2791 3368
2577 1292
3506 4212
4343 4457
3712 4521
2033 2646
3049 2954
4933 5613
1827 2533
4351 4033
836 3240
1156 2783
2139 5650
1969 3497
5167 4709
4235 3140
3165 4806
1126 5287
5032 531
3101 4087
2878 2337
693 3597
4466 623
2725 2819
824 1078
2454 3392
1221 3133
3361 1398
3251 3135
5410 4276
3170 5413
1030 2678
1818 4124
4602 2335
5399 5654
5565 5273
2426 3028
2651 4917
2884 2271
1287 672
4770 1373
978 3069
5526 5579
1800 2448
3749 2781
5258 2790
4672 560
3831 5571
3231 5628
1853 1947
1423 3653
3311 323
4637 3006
1946 3607
1579 2790
5539 5076
1874 1523
2489 991
4162 362
5060 560
5300 3545
3434 2975
197 3173
5427 3835
4025 1110
731 4263
3420 2112
2085 2126
2102 2179
3795 3724
2355 924
4396 2677
3058 1354
5604 240
4695 5551
3513 2279
256 2885
347 3895
2158 5185
596 577
3370 2657
3068 1373
2358 5569
1643 4335
65 3840
5505 1268
864 5034
1166 1652
2712 3939
3062 3595
4963 3321
2653 3854
4605 2898
1433 1405
2503 1473
2523 310
700 1965
5510 5154
4241 1971
1840 4527
4472 1609
2308 848
11 1250
4045 2176
3965 829
5473 4213
1760 4040
3891 2394
4843 4363
4194 12
3248 3412
4765 5219
1402 4817
2778 528
17 155
1901 4375
2319 2307
3100 9
4089 5484
2074 4770
3447 2870
3677 2289
2626 3743
1418 1858
1834 2261
1556 4109
3560 5640
3987 5581
743 3731
2023 4116
3348 4111
1369 5180
583 3801
1067 1157
2280 1091
2956 5404
385 2758
4748 4608
3706 3765
4679 2987
3612 4019
1258 4954
4908 2844
997 1747
5568 5280
3946 4765
199 956
1078 5367
1458 2209
5142 715
752 2067
5529 322
381 3899
4145 29
4817 797
1749 2003
4956 3630
1229 4128
3531 260
970 1177
5586 1036
4521 4418
5670 1549
3770 870
5632 176
368 1433
934 884
5551 3058
4389 4178
94 3836
3901 5499
502 3087
840 5585
2530 5630
1539 4229
5618 4606
4544 73
3295 4648
2114 192
4766 4228
2485 1897
404 1654
2337 2500
1043 3281
3935 2049
2044 725
2005 632
5017 4726
3051 3806
2514 1735
3833 268
4772 723
3179 1396
2858 107
35 505
1210 2825
4882 780
5496 2656
2778 1580
4357 3869
2123 890
836 797
11 2590
3971 2164
4188 1831
5254 5661
4577 2357
358 5331
1578 4740
3540 2497
1408 505
1335 537
1330 4421
5460 2571
4421 2081
5413 2419
2363 3088
2543 1173
3182 911
1673 1966
53 3305
1877 4616
5399 599
187 3205
1237 1035
3534 2857
599 1072
5318 5460
4216 2467
4599 2721
3710 5149
1153 3287
3036 4596
4782 966
2025 1993
905 2640
3658 457
616 1322
74 4739
3342 273
3813 3074
1189 1714
2516 4356
1613 1680
1662 5291
2232 3684
4389 1280
380 2808
4634 4417
3806 1671
5231 4694
3301 741
3945 3926
1964 5669
1269 4150
5057 1951
3816 5105
3074 3170
3661 4292
3848 859
5159 1773
2373 3448
3947 3345
761 3115
3217 1372
4799 3149
3180 2610
4514 1484
481 4395
4019 3876
7 3808
2866 1801
4048 4984
5433 2620
3303 4220
4506 1737
60 2556
5649 2052
2014 4064
1256 97
3490 452
2480 2095
3648 3867
606 312
4268 252
3850 1191
1040 1333
1731 3266
3313 547
4975 644
811 4393
528 2638
4109 224
3631 3051
75 4058
2641 2212
2254 4797
4184 2482
366 1905
5535 1006
2218 2517
3973 553
5191 3336
4704 3026
3152 1245
505 1695
391 2693
1851 3206
4813 5454
3719 31
1635 146
1521 227
3114 75
1057 4852
3259 3944
1324 2602
2606 5469
5310 4745
2165 394
3239 4631
4796 4742
3182 377
3266 677
4652 1235
434 4128
4843 4016
1692 3524
678 5642
4768 2583
2681 2647
3111 495
565 3687
2372 2504
3914 3661
4046 1650
4480 537
2326 1207
810 4885
1210 5260
4430 3833
3301 3157
3226 3418
2832 129
1152 493
143 3225
4127 1977
5120 2721
4100 2369
4593 398
3747 2289
4493 418
2904 3841
3511 2694
3937 3404
4764 1544
5331 2252
1102 5542
4362 140
900 3962
5125 2495
1147 3195
619 3234
3426 436
5482 528
696 4013
5472 92
3005 5567
3982 4437
3984 3831
3694 1928
1676 1600
1058 2309
4615 5103
793 2914
1320 4501
5049 4268
2140 1476
347 2216
5543 1877
298 2623
108 2955
1611 753
4117 1410
2892 3283
4146 3814
3083 4202
5522 2264
3415 5270
303 4458
2183 5049
1023 1942
4745 3393
5498 3420
3226 1097
5219 2212
2571 4612
804 828
1809 4316
4605 4730
2683 1445
403 1816
320 2979
3332 3753
3084 1254
4150 259
2228 4420
204 5017
2978 1039
3980 1936
5540 1840
3030 5145
5452 2452
3229 1895
3736 1730
2470 2723
616 2391
4635 1993
838 1844
5134 248
360 1051
4907 2672
5396 5008
3257 5188
634 3821
4116 264
2005 2078
1234 54
2783 2861
3987 4052
1825 122
4456 5339
3053 1325
4808 2397
3727 3209
3572 4745
5633 528
5197 2570
2637 4607
235 2663
790 538
2826 1264
5137 445
3391 1353
3783 660
4956 5374
4261 1438
4360 3712
3910 3413
1770 3098
980 1905
3350 3435
133 349
4735 1697
3648 837
2593 4035
4811 3477
892 3161
1322 3740
4603 3807
1109 4478
1412 343
1938 4370
2891 94
862 1907
3106 1669
2746 177
3685 4077
3780 718
5527 2755
2967 2171
4797 3000
5610 4488
1991 3320
2836 2154
3998 217
3770 3475
1543 5676
993 2677
3178 946
1574 3055
1722 2128
2284 3030
2247 407
1097 945
4312 191
1341 1254
4341 4136
121 3613
3054 2341
1475 1044
3417 4578
991 5227
3099 3999
2943 631
1224 1661
2340 219
1325 4673
3918 549
4465 2277
5351 3737
3151 676
439 3376
4593 222
4832 3316
2359 324
1330 1810
4195 2793
3807 2427
1984 2148
1991 4533
4816 5465
218 4486
2850 1342
969 4155
5207 473
3390 4537
974 5512
1926 3120
1984 230
1931 4926
936 1625
4754 170
2153 2726
944 2149
4616 3733
807 5660
5250 4328
581 3133
763 2966
1695 2821
3471 1967
1323 3928
4920 2490
5175 4053
3443 3112
1512 4394
782 2426
3958 1305
5018 4991
2800 3177
5296 3084
128 335
5318 327
2529 4984
2095 2027
127 540
1647 2918
4949 1220
1690 4240
326 2366
5198 3265
2397 2123
5474 3613
5019 5307
5424 782
3043 592
5385 2599
2321 3152
5372 1440
5432 503
5143 624
3072 2540
2497 58
4552 5214
4246 480
2900 1734
4584 289
5497 784
3569 2610
3914 4649
3422 1350
628 182
3235 264
4877 5022
4352 1843
3218 4448
3888 4269
923 3209
705 285
3919 2083
3072 2110
2195 2425
2472 5216
2525 4773
3620 3840
1777 84
1752 1815
5108 693
454 5264
3788 574
1726 1603
620 2548
2395 2954
3332 404
1097 3841
2944 1021
3671 1364
4917 2558
389 5642
1440 2724
3888 5072
2630 4950
873 3753
3334 3757
3377 2591
4801 5542
5659 4915
467 193
247 278
5026 676
2992 2028
757 1992
1328 3482
96 5222
4192 2945
4616 3115
5016 2850
3141 895
2018 4643
1968 2520
2352 4274
2554 4943
1944 1589
906 1553
2496 2092
21 4519
4977 3797
3468 453
1505 2384
3020 1472
2209 4804
3283 5441
5572 5053
1200 863
4766 5119
4975 2648
2578 1724
4236 501
18 4593
2236 2003
4599 4876
5139 1827
1213 5629
1436 2277
4243 4728
2571 3527
4575 485
737 218
1542 826
2094 5300
2117 1277
2727 4612
1113 55
1573 276
5540 5517
4531 3331
315 5665
1128 4580
5616 3487
859 2627
1521 1553
1798 2625
2066 5083
4478 5544
2167 3395
4543 5382
3481 35
5117 3181
1056 4902
4126 4422
2742 2465
1877 4369
467 5098
282 544
3177 2559
5300 3732
2966 3090
3745 2548
358 2497
2854 5493
2423 531
4411 3627
825 3103
22 4353
2156 4957
1646 3799
536 3446
215 2277
1521 979
2295 707
4304 4807
1895 3883
3440 4790
1726 5366
2884 4565
385 4188
4714 3674
1341 5407
3410 1282
1105 1996
1862 4490
1710 152
3635 2135
673 853
1279 1610
2395 688
694 4016
3005 3292
4754 338
5113 5192
163 1950
1275 3299
1883 3380
5614 1285
2757 3450
4177 5379
1006 1857
1311 1962
2348 3906
655 1386
5390 5213
2034 3986
1972 428
1015 3166
4323 614
3355 4593
1365 1427
5454 3500
4501 4167
4528 4222
1272 4259
4518 2548
3020 1882
1371 5193
2548 4369
1088 1943
59 3859
1349 4615
1951 5588
3702 1582
3534 2230
4532 1032
2339 3912
1879 4817
1517 846
836 1985
5551 2673
1033 2240
168 1490
2838 1990
2442 3077
2421 3538
4345 4058
4965 4795
5242 4083
5507 5330
4953 5114
5551 3968
1750 1339
2808 5374
2816 4280
5330 2637
2794 746
2784 919
173 2261
468 2427
1839 2271
1812 945
2048 2272
2428 977
213 586
5344 1904
1034 515
3782 2582
2884 1633
1472 1252
1451 4019
1393 5283
2854 310
107 602
5325 2158
3554 902
3984 1978
4474 3270
1879 438
3340 2484
797 4901
101 1529
679 3245
5650 3447
1074 2387
2240 3700
3315 914
4256 457
2409 5385
2399 46
1940 657
5639 5450
20 4853
1966 2319
3559 1973
1880 2981
2394 5402
2061 98
4249 749
4159 1388
4783 3768
3238 1191
132 4676
1304 3205
3471 2582
554 3995
657 171
910 2630
3087 5240
2064 4323
1939 2872
42 1868
3192 1586
1704 3018
5001 704
3482 577
3986 2493
1795 4450
4735 5368
4171 300
380 1583
4523 2578
2280 947
3488 3027
4781 4627
3049 3120
1264 1406
4002 4639
1366 4345
3221 4978
3719 4635
2901 4171
3731 30
4352 2409
5660 623
244 5110
4990 4930
1471 3943
500 4333
5172 4771
1753 642
2301 424
5494 2527
2293 1734
4820 5647
4821 4140
5329 2962
3263 3028
3013 803
4485 4234
2032 3546
3572 2485
1087 2008
1837 4768
2565 1816
3005 1527
2163 4281
2254 1595
927 4715
2724 2766
3910 2604
4511 1792
5271 3325
3779 1921
4261 3519
2913 2862
5131 291
3890 1969
5342 5656
4469 1803
3777 4425
1246 5336
5346 840
4958 2160
3318 3898
5548 281
5459 292
3226 4699
1487 4601
64 788
3559 4011
57 1666
2089 1311
2112 1669
1705 4709
368 5036
541 692
1253 36
3400 4547
2230 4662
3324 1161
803 1091
592 3072
3590 480
2001 607
2408 965
2009 3933
686 4979
5206 4632
1201 4967
853 4240
5269 4535
2704 4107
3803 3782
3561 5540
768 286
4360 1970
1890 3249
26 2363
3463 4988
5144 222
4262 2624
1321 5600
3838 3127
1461 584
2096 5190
3237 348
2143 1356
4861 4816
1894 249
467 2512
5623 2142
2564 910
5185 3188
326 5583
4484 5133
4551 3679
2778 1581
1405 494
3864 4047
3658 2958
1147 5108
3413 1329
2898 702
4525 4418
1932 4534
4182 3218
1662 5633
5457 3420
3634 1794
2084 2190
4078 2284
4221 65
2329 4108
2989 2855
484 3696
2037 1360
4608 2238
3431 2605
1651 2891
5610 1893
1605 5391
3939 3053
417 1038
613 4218
2002 1384
2918 1420
59 4191
1057 4056
3006 2615
4342 4722
4115 2685
4419 3170
5608 888
3244 890
200 3977
5375 5187
4643 3785
5392 4892
2807 1994
858 861
2084 914
4434 2164
219 484
4918 25
2945 1560
344 2013
1314 5663
4531 436
3890 4120
1004 3905
5298 2871
656 76
369 5416
5468 275
1871 2870
2758 214
159 1836
1504 172
164 4719
5586 25
1297 1825
5675 847
1327 5479
3182 4636
1113 2759
3748 3926
998 3351
3099 918
53 5577
5222 815
5400 5003
4987 603
4112 1543
4926 2633
4695 8
4091 4320
4515 2567
4515 2771
1633 2321
709 258
2155 4293
1719 1044
5564 5365
2723 5472
4580 1228
4651 2652
43 2662
2676 4082
715 3127
5647 1796
2899 2478
2082 1126
402 4335
5044 534
5318 5176
1073 5256
4103 206
2623 4723
5618 1072
5029 2922
205 2637
3799 5087
2512 30
946 4814
5026 4000
3056 3251
939 3755
44 4658
1033 1609
4395 459
2246 4671
503 2939
2899 625
143 2032
2696 2051
5094 4484
3321 2423
4403 677
240 4341
4186 883
1457 902
1948 2232
2561 2794
3784 1267
3376 1627
4729 3564
5144 5056
4215 3527
3263 3060
4718 2729
4881 1877
2301 3642
1155 2932
3771 4640
5662 4696
1896 5028
736 1974
5354 4258
2955 3634
5023 4100
2864 1763
4944 4808
2754 5274
1480 5512
2463 2977
4807 31
5367 5619
4470 4528
5009 3040
2756 3839
3057 2277
2359 743
5466 239
1106 2500
3835 5375
3819 2261
3733 2050
3855 2789
1289 1813
1349 3578
2658 4790
860 12
595 4183
1924 5146
1030 4280
3616 1565
1464 1919
5527 3906
402 1818
5122 597
2939 156
2551 828
3883 5660
876 136
2947 772
2345 2651
5288 3647
2915 545
2108 4791
344 4498
4441 1863
1255 113
1499 140
2951 2703
1114 214
5542 4542
3117 3503
4687 500
2762 4349
2122 5286
931 5370
2320 206
5564 5021
4991 1375
924 2284
1207 1210
3530 4810
3310 5310
3537 5016
972 34
2835 2511
3624 1539
4264 598
5465 3519
1982 1101
3616 5220
1271 2567
5164 419
2199 841
3331 2648
5324 322
69 352
1347 679
2806 811
2542 4352
974 2298
948 3437
806 467
5114 1889
4975 4570
990 1119
3919 3063
1763 5164
4735 231
379 4942
4068 5423
5482 5276
3275 887
4250 4791
2662 3818
3322 3750
3989 1276
866 2842
1405 3535
3230 3088
5658 2542
1461 336
4028 4211
1175 1880
2923 5510
3788 1034
4366 932
5558 188
2984 3666
4529 2062
4574 4094
3825 1504
467 2133
2991 4580
5297 2954
2448 1467
3910 4005
4090 3279
3714 3039
4556 886
1268 5283
3266 1907
1437 4937
1573 2408
2881 3833
4972 3145
5596 3862
1703 3254
921 4696
2241 2469
1276 4639
3270 663
161 1903
749 4151
1962 1306
2702 241
1703 2620
4114 1916
1756 251
2667 2808
5478 1898
498 3318
5287 2784
4005 3547
3313 3031
1127 1380
3653 2904
3449 3472
4470 148
192 435
3017 2187
5563 2742
4834 844
2037 1150
4342 3412
20 872
2286 2414
166 3098
4052 2426
4138 5224
1135 3506
848 159
5435 1153
4486 2476
4697 37
3351 1788
1546 2579
60 3196
5015 4902
2121 5563
4909 5531
2763 5083
1109 4659
3318 4737
1589 795
965 3555
3810 4040
4967 3081
3138 5342
3231 1477
583 3646
4905 4682
1649 1983
824 154
4990 3165
859 2098
1418 1311
1416 5629
4089 211
5386 395
626 4179
580 4025
5328 2196
4994 4403
2146 743
559 4195
3791 668
2725 2489
538 4096
2534 5278
4701 4478
2228 291
5303 3956
2229 1732
5101 271
4039 2324
486 5463
4706 4491
4613 1288
215 1342
1248 3744
2266 3937
1595 4371
3567 3427
5002 4636
448 1894
4462 5572
972 3764
3581 2766
4044 1863
4391 2100
3042 76
5620 669
2214 4111
2528 380
5049 403
4721 1626
4838 2751
529 4401
5321 4339
2010 695
260 3841
77 1670
4860 1820
5169 1045
4265 3897
2163 480
706 3204
5163 1153
1048 3122
784 3289
2175 1418
3476 2498
4764 2921
2726 4891
5134 839
587 1131
1888 2867
2010 5244
3621 5067
359 2064
2192 1891
287 1948
4456 26
4435 5500
1226 1075
1168 3818
1402 3678
2413 3072
1592 5556
3354 44
5184 4419
3258 2950
4357 18
2748 2757
723 589
2041 4094
597 225
3776 4036
3601 2592
2676 3192
5210 3081
2381 1829
3516 4594
1790 3474
712 3066
5106 5057
2090 4599
4643 3419
2035 478
364 4655
3535 88
1333 2426
3450 4528
2135 4589
4087 5039
5453 86
4730 3670
2982 641
2652 3488
1886 3177
2020 3438
644 4399
2923 5024
12 4974
4290 297
4654 4350
2709 3840
179 453
1231 3466
705 327
3660 3279
897 3840
2458 5439
3837 3431
1737 1712
2849 3344
3955 3093
2987 1679
3666 2829
1234 3030
2661 4504
2942 2202
3703 2865
2278 2535
1761 4103
1160 691
84 877
990 1035
4428 1989
2741 2314
5212 4343
556 1443
5022 2925
5481 1505
286 3407
496 1743
2560 5244
1224 5097
4911 2291
3132 2734
2555 27
3270 5486
1761 609
4676 3453
2545 1683
2165 3182
2597 3524
1584 513
5166 2563
2798 2329
1698 3071
5466 4858
124 3068
3802 5224
4686 4386
5365 708
4042 2574
524 5580
3605 1393
5508 4961
3563 4481
3517 2615
2285 1251
3432 3662
2396 2458
192 2914
1523 5573
1617 3607
1711 916
77 3181
4560 4017
2084 3395
572 1203
1994 3816
4119 4355
2448 1095
5108 1728
282 3648
1759 4465
140 473
3155 2608
505 1278
5363 75
5186 1197
582 2987
81 2243
2884 2030
716 4654
2277 4614
8 2278
1513 148
2723 2666
1163 543
946 5294
337 5444
3081 3719
1798 3178
3462 312
3632 2221
2733 1845
5345 5552
5483 4231
1789 5416
4626 4944
4107 1419
3115 2800
4899 1619
2823 4504
1337 3266
1452 1291
2048 3833
2373 217
1912 5374
1252 5010
5565 5028
3707 139
37 4437
3843 31
3939 5202
3408 2397
2431 3279
1204 1814
1075 3248
568 2400
3089 3007
3986 3514
1856 1195
5102 3728
5162 1698
4778 1538
128 4866
2484 1979
5627 1219
2226 1733
2479 4091
5460 5107
3386 551
1784 4102
259 3463
2498 4170
4767 390
3649 1716
275 3663
2187 4517
5182 3536
3350 1602
3088 2970
3009 4435
5610 4549
5113 5595
4913 2784
3127 5231
2700 344
2804 1885
1011 1998
110 1410
5619 4924
5554 4932
1897 5472
5451 4486
4390 2394
3983 2532
3531 1862
2845 137
3177 4259
1681 3905
1241 3970
1056 5312
2193 446
2455 740
4505 462
738 4549
5498 4365
3355 1270
4802 942
1863 1783
4611 2107
3002 3924
238 2698
5539 2415
5629 428
1075 4053
1882 5518
1611 504
5254 5448
1069 517
4651 1412
5583 1101
1762 4760
2172 2918
1114 876
3491 2201
2402 4467
2930 1848
1855 3315
1705 5548
218 4640
3934 5658
4558 2475
4366 1169
164 294
3185 4247
110 4607
3152 5277
1482 1216
3007 3309
2553 4407
191 1001
3749 4515
4334 563
910 4335
4958 3578
4561 2463
1334 4161
3036 1779
1095 3180
3795 5142
1443 2522
4315 1190
2917 3463
3848 3998
4294 3055
2538 4881
3180 2604
835 2472
1723 2145
3969 2146
3719 2217
284 940
3842 2831
4403 4149
5503 2957
2828 434
4021 2724
5265 816
560 485
157 2690
1163 5289
3573 5127
5341 1189
2502 3338
1903 420
2675 1966
152 3171
4129 693
621 1896
1041 3911
3753 9
992 1406
1110 2517
5462 5205
4793 203
3135 3247
2905 5330
1926 398
4338 4650
3265 3349
2528 5418
1706 4437
356 1806
3213 1948
4134 5571
4188 2942
292 1519
1724 1824
1941 1510
4096 4280
1572 415
3922 3715
1917 4268
4064 2603
169 3487
1897 430
1369 3319
293 674
3202 1518
331 1640
4450 1652
5579 5173
1842 5466
1730 5635
5199 3883
2987 1889
5435 4838
1470 121
2344 3407
1436 232
304 4695
3086 4968
1337 2004
2152 3722
3863 873
2795 4483
2549 3226
3793 5227
5283 4570
2923 2840
3027 2557
3713 5431
1311 5251
3989 457
4549 374
5508 4594
4353 5418
4172 1192
4373 2264
4317 5478
3687 2643
3536 5571
5414 2735
1011 467
3141 5164
4205 1910
2292 2714
3376 5576
2290 5337
2978 990
4123 2269
3379 1113
4700 3846
2627 2176
742 1706
1522 3319
1325 1457
4310 5363
5242 2287
4821 586
3860 5249
1697 4862
1873 1536
1395 3092
1033 1911
3417 673
5131 5307
2160 5645
4692 4563
4989 1924
1825 4154
5447 1145
1071 591
3743 737
3540 5027
3113 289
5106 369
375 3403
444 711
4828 3540
471 1222
4661 4873
5459 908
4856 2447
1728 194
55 922
1275 3548
2491 3940
1338 3385
2248 1520
3956 2071
718 5169
5292 5349
2842 5485
4291 4293
5408 2666
2647 325
4580 1099
1316 827
4729 2245
4714 5230
2414 3542
5133 1607
1594 4313
3103 360
4067 5098
993 660
91 172
1516 49
4542 844
1526 3082
1734 4049
4924 2998
1629 3872
4446 3958
4006 920
1692 3360
3720 2650
314 3981
2466 2635
3611 2422
3195 1399
3596 3123
5197 1056
2740 1207
5603 1033
3223 2544
3888 3621
4002 4644
2095 3523
2772 3148
1962 4808
1827 1388
5464 222
1049 1337
1497 1869
3204 5061
1785 1873
279 1574
2797 2100
492 4524
1922 4345
1017 432
2947 4784
3825 1801
4240 1986
1009 803
3090 2992
2911 1263
553 1198
4681 2964
657 1445
1939 2677
471 4660
417 1519
258 2638
4961 2152
3288 1688
4394 4921
5194 5013
2002 3893
3351 5052
724 1508
3086 4558
5063 1091
3275 810
1169 4117
477 1253
5093 3070
89 3663
1940 3580
1609 5597
2628 5595
2646 5258
4078 2874
872 3455
4322 2707
5647 3654
2240 4380
2050 10
3045 209
3865 2724
1106 3428
4129 3691
473 5518
4462 20
1550 1994
4065 47
5482 903
870 4343
5252 2675
1713 1137
4771 2187
96 1218
667 1703
1946 95
4037 3337
2568 1776
2283 1166
2962 5199
2833 1562
2433 4366
4854 706
2771 1603
3684 553
4158 2126
1589 2585
4299 2481
3520 5342
2685 1323
4513 5533
1660 5088
1213 4204
2885 3607
1997 231
735 1351
300 3360
3477 2161
2477 2642
356 191
5056 3803
4597 295
2486 3663
2211 4913
4101 5302
4784 3628
2207 3986
5081 4953
2563 4884
1407 4240
2365 4864
5016 1979
2682 4924
4194 598
1593 4979
785 4939
2186 3633
1275 984
2793 4324
4018 1045
336 2357
3832 2250
213 4731
3380 4077
2605 4557
4503 4174
5323 465
2307 37
1303 388
2503 1824
2794 2029
5261 2625
3008 764
2783 2348
3608 2291
4644 1654
2490 1555
3904 2229
1626 4250
2094 5565
2976 2449
3642 2055
2032 4195
4864 2748
2950 5161
2223 10
1074 1605
4041 3020
288 1149
2571 3541
