10000 10000
7441 9057
105 8074
8939 4341
1654 2583
8202 4905
3965 764
8369 753
6590 8425
3549 3415
2200 4969
8782 4429
9216 8857
9699 2630
8871 6253
1274 7407
9229 3673
7542 1029
5281 1750
9450 5961
273 6800
7392 6278
6581 8263
1389 2723
8629 7822
4173 3791
5132 1966
2371 3292
9131 7667
9605 4808
365 9652
6192 3465
5830 6717
7061 2908
8878 7574
6066 6673
1297 6501
1854 3387
6792 2606
4560 5827
9593 5822
486 2307
6022 4566
5804 2389
9838 4295
2501 4855
2737 6052
5417 2554
460 9948
5843 4292
7338 940
1203 6845
2192 15
9573 1883
6546 9769
9174 2604
846 3671
7108 1508
6577 8352
3625 1881
4611 6614
8742 1878
802 4726
9597 4227
7725 3280
7747 1131
9832 5694
2603 6345
2074 2182
2334 8309
6164 4301
7845 3747
7219 4468
9334 5758
2387 3024
4769 4354
8849 9231
5523 914
6075 5215
3413 384
3647 8259
4721 9457
4694 7822
8770 4005
2703 1025
3124 7050
3568 5686
5648 7410
7890 6725
9804 2160
1995 7343
1243 6028
8308 2493
1095 6693
2639 8814
5149 991
8820 6857
499 9257
5844 2611
3890 6234
5640 5517
2677 7139
2851 1550
2661 4707
8309 377
342 7014
284 3117
2713 322
6036 6825
6530 8679
1700 9867
7753 9518
3133 7178
9315 1541
2681 1174
3095 9893
7051 6662
9945 2848
7180 7866
5142 8065
5292 553
8482 8380
5460 4821
3988 2477
5092 8911
5385 1522
232 1240
2338 3702
2552 851
8483 5639
6894 9059
9916 7963
7583 8540
7147 6410
245 1696
8467 7674
3007 9421
6455 7457
154 6849
7303 9690
9447 3052
672 5661
3426 2352
3752 5696
668 2081
1631 4303
1217 8725
7146 286
4407 8302
7150 5637
3379 9926
8330 9073
4267 1428
8848 4713
5920 725
4440 2169
6777 6039
4034 872
8705 5755
3776 8944
9979 4501
8542 9028
6663 237
9253 4325
644 8849
1958 8635
5015 3763
2751 1089
719 6228
3781 3648
1674 7392
8972 5329
5916 2563
6564 8478
991 7887
3340 7090
9207 4842
6845 9065
1839 7427
324 3702
7395 8822
7995 2836
5968 3595
7173 1662
3202 7405
6887 3355
4300 4380
8725 9167
1361 8448
5704 9786
1297 7912
7859 7769
4127 3182
3538 9712
3411 3000
9503 1990
5526 8797
4925 4696
7839 1887
8081 2535
1662 9634
599 6662
6092 6398
203 6679
1941 7874
9131 6414
2899 1869
3573 8681
2999 5874
2505 3050
7874 2795
6951 9386
4563 9765
1477 6652
6948 6714
6912 1073
4982 3927
3463 8763
8553 5321
1477 2008
1807 5210
4201 1227
9882 9634
4227 4094
5987 7679
8406 2337
7043 6036
9101 2580
1374 9734
7947 3308
6111 7052
9705 364
2164 6483
6508 3273
1193 7186
1631 48
590 5008
2956 4269
4123 7672
5915 7050
6580 5259
5997 4859
1747 3616
4378 3007
8250 7370
1710 3733
9214 517
9933 9463
6083 1690
1716 3413
9727 1089
5431 7364
9652 8061
5215 4786
3003 9183
2936 3652
5803 1949
6561 1589
84 8262
958 5835
2134 5501
5984 4925
6010 5501
7838 466
7010 5127
2765 4394
6912 1144
1212 2452
6376 4593
8828 2914
9963 4257
2116 9602
8529 6112
8829 9632
2344 6823
4910 5162
5514 9211
5987 7033
3133 95
507 3398
5620 5543
4476 9045
8522 2684
5183 3987
5003 4043
7033 5748
7766 9316
4833 1812
8126 8269
4437 4768
6285 3418
5284 2649
7006 8329
314 1030
8672 2583
8838 5725
843 4415
1910 7520
494 2048
270 8646
3347 1886
2222 3517
196 5018
6850 8092
8264 2736
6222 4321
8610 3295
3559 4795
1137 9441
7351 4416
257 4610
3848 2901
5815 9659
6955 3870
7278 8998
8493 5411
4860 5089
9733 4350
1896 5867
9241 2184
9441 6944
2188 9376
1472 4417
9644 7815
4028 7460
9234 2871
6790 6043
7348 9569
1727 226
5861 7556
3719 2061
4537 7350
6576 4833
5888 8094
396 6447
9158 4352
2268 2919
7399 5797
6592 2466
3235 3216
776 5166
7508 1871
3844 2577
5672 6607
5256 338
8629 3590
2079 6487
9362 3174
7236 4073
6787 3723
1828 7530
1197 3626
8154 4634
2421 3526
1209 1896
9536 8425
4689 7207
7087 823
2108 8246
7209 6581
5649 19
6815 7079
7893 1915
8950 4242
7505 7488
7040 3133
4410 9801
9770 3830
7377 1619
5827 2361
1802 451
6331 6702
6824 1276
5153 4710
1729 6499
9456 8307
9173 657
4239 3535
4812 8537
1294 7209
1279 7007
3352 3567
185 1890
9512 1884
8952 4664
6589 3078
6131 3048
1618 1784
3211 9623
7803 2378
9504 7042
9312 8864
8591 4429
5311 1197
4201 2903
2572 2047
4471 4775
1967 2820
3437 3239
9803 7473
5337 8151
2198 6913
4468 9821
6869 2601
5773 5588
4280 7025
5791 3378
174 3556
433 9434
9005 9467
8257 2314
2774 130
4085 2888
5618 1708
2830 7341
1422 9977
7177 3381
8301 1767
1508 4309
1171 4061
7067 708
6606 3566
2407 9351
1070 8787
5889 5160
4095 6447
6568 430
6553 6790
8371 660
4240 9361
7607 6975
2930 7432
1891 178
9078 1840
9716 4172
2094 394
2845 4792
6903 1616
6606 5028
4403 5161
5373 10000
2042 5785
8220 6673
4396 2230
9400 8776
9985 2696
5846 4761
2122 8673
8967 6012
7512 2030
8424 1258
5120 8192
7960 8112
2784 9377
5729 1169
6395 3759
2020 2558
1579 323
8527 1266
5120 9503
2341 3917
5295 7732
6945 3414
8993 5865
9597 2033
518 9264
8323 3890
4622 6570
3247 1915
9305 991
8337 9526
1073 7602
3696 1968
8801 4689
6129 3545
6309 3396
3785 1678
183 2909
5266 2238
4498 2750
1407 4344
1746 2642
656 1427
6910 5481
2476 9256
3375 2164
8308 4857
9091 4908
4644 7020
8243 9992
3424 1984
9978 7255
2555 1264
4236 5696
8528 4276
1450 1527
9310 2354
7970 3989
5668 9839
2632 5391
3683 8980
4259 5746
9943 2005
2010 1948
6786 7968
3624 1620
195 1526
1751 3281
4152 735
1054 6120
5413 2673
8044 2268
5513 4539
3381 3177
5556 6955
9425 4880
475 8464
2215 8302
1637 7975
6972 2308
1087 8860
7989 7097
3132 2232
838 3875
2293 7621
2620 8715
5373 2941
7541 6339
6471 4301
705 4420
6858 6287
5976 4568
3769 7856
8809 7983
561 2585
1322 331
5167 1439
8211 1505
2064 9073
3981 2509
6475 7497
9572 6796
2490 6388
9442 9125
6405 5654
7323 317
6542 4402
4134 228
5502 3466
6336 8360
9659 7997
3626 9613
8560 3113
2469 347
5070 7998
2871 2752
7337 206
3992 7292
1808 4042
9773 1360
3178 5849
3067 1913
2385 6086
297 7968
8996 8414
522 1649
8275 5454
6038 4349
7058 1592
2242 1628
8904 4032
1384 9818
8629 3045
8249 3011
9779 8506
1392 7315
3882 9596
4950 1806
3106 5155
2655 6671
9801 9704
511 9195
2924 2237
3108 8836
2169 8005
133 113
9101 6986
9484 3512
6907 6265
130 3209
7467 2718
6872 4235
127 2659
7412 566
8666 2326
4859 2104
2692 1713
2057 9945
6789 5123
7788 5403
2721 4118
3472 7800
3845 7580
5373 9777
7495 4955
8730 1048
799 4524
5155 8484
5815 6625
895 4616
815 5209
361 1944
348 8681
4552 7576
8688 2425
2940 2414
2549 8580
6774 9430
62 1939
3632 4212
7513 8018
7028 5
7818 7782
6731 7605
2081 2538
2787 2571
3501 3321
581 7477
5246 1612
1254 4167
7955 7372
6027 2739
9160 7202
2182 1309
5040 2405
4276 8435
4111 6814
5989 1490
5494 9593
6500 2718
1958 3094
6436 6296
3426 4588
2254 4585
895 5562
5978 4930
6508 6655
2132 6229
6625 4337
7559 8240
9176 8769
270 5500
1692 4448
7231 1347
8173 4669
5715 336
8202 5533
5822 7930
5563 9058
8936 3113
213 4763
553 8290
7808 5622
7388 2874
1591 214
7736 6271
3748 4598
6093 6384
7439 4577
8897 3788
7226 9925
1292 6262
7231 9353
4790 9528
7322 2992
8455 4895
6230 4975
6985 997
7568 2891
8758 1275
1572 235
648 5208
401 8732
4697 8324
2501 1487
702 6435
6291 2775
7479 9709
926 3962
4181 1997
6118 5559
8349 8716
5947 9917
9271 5072
3369 8627
1383 5951
8319 9569
5865 2858
2885 2435
3800 6079
2786 6022
6661 3878
4711 6380
7382 1243
9269 1546
8779 1456
2591 6935
1882 4795
9406 2616
4063 1719
9715 2521
6878 1405
4648 2279
271 490
7671 9680
3620 1841
4186 1100
7324 9045
7281 5313
3893 9274
5577 63
9552 1673
7092 9638
4560 4626
2430 494
7557 2452
7335 434
4113 2093
6842 2468
7297 423
7389 928
9962 4899
1380 599
8960 5487
4552 1295
600 8716
2832 4049
6285 9460
9642 9103
5138 2781
4844 6738
8356 9891
8076 6643
4625 4657
7299 1026
7159 1406
5251 9281
4359 1206
3998 7401
10 3132
8768 7571
1868 5707
5178 2532
3180 5425
6246 6210
7541 141
8077 3369
3646 6918
1663 4778
7491 7885
7089 4982
9141 5311
4641 4884
9047 6813
8827 5429
4928 2462
9327 958
3936 644
7412 9166
7007 5106
8605 621
2261 6787
9614 8535
2366 7863
4725 3730
3017 7817
7936 3475
7091 4009
3243 4968
6906 6221
6015 9787
3741 8140
6692 1829
4322 3397
7744 3193
152 822
7116 9912
6230 1282
9097 440
8205 9889
238 4966
4414 7959
4408 5142
2642 9794
4835 6503
3061 9351
3544 6151
9132 3739
5668 947
3809 5818
432 9678
6257 1310
7032 368
5897 3750
2954 3662
8817 9464
5163 7796
3644 526
4932 9730
7415 9314
866 299
9884 6116
4475 6021
4665 9500
6867 614
700 3949
9413 6785
7856 3903
6683 599
4850 8431
9963 4900
5824 7228
9856 226
6417 5871
6785 8042
6952 7254
242 2017
8515 4738
5872 2060
3027 2330
9414 670
9453 5921
7511 1156
6261 7516
6909 290
3500 7012
4133 1292
1885 9799
3656 6140
5872 7834
1894 7790
6943 4
6267 8708
734 1674
6386 6557
8373 680
9145 8731
3367 9013
9616 4135
2050 3764
8961 7379
6063 5114
5490 8586
7844 6708
2158 5770
2623 4116
7142 6397
3459 5560
5712 6365
6119 3727
6518 794
215 8240
1458 3267
3590 585
6062 3280
781 7180
1126 6833
3263 2593
700 8852
3263 4790
6126 1881
4051 3789
6248 7437
4983 9432
3542 296
3839 2810
2126 6679
8217 813
6396 8009
8670 1563
4654 5766
2780 4883
5676 590
3754 7308
5688 3691
1450 2559
8344 682
8627 2326
4004 8214
4841 7565
4738 1458
890 3311
4481 6857
1364 8517
3805 9507
8912 8226
9859 601
2501 9701
3510 5540
6783 1990
101 2166
4802 2716
2350 7524
3972 4258
7142 9342
6677 4311
951 349
1517 3921
9377 3511
1058 8384
7689 2763
5373 2916
7533 8461
3620 5442
5852 4200
7175 366
5618 5079
2440 7351
422 7854
4343 5277
3960 4345
7993 2487
9249 5986
1575 9518
6338 9075
3607 7930
8828 5307
3119 7216
3368 1376
6940 7180
2269 1438
3311 7023
7684 4066
7215 214
7697 3642
9927 1451
9849 5992
774 7020
6713 4717
5213 5166
405 4892
234 9386
2718 3658
1841 5717
133 711
5967 4024
9841 3843
494 7826
4399 8128
552 7767
9686 3774
1645 7943
1433 3957
4576 844
8562 67
7883 3344
6591 8455
9576 4654
8866 9450
4721 335
9791 4387
2136 3571
6523 775
4574 3369
4816 9978
407 9198
997 3155
3217 805
5238 4076
4637 7431
6139 4436
8915 2405
4751 6688
6769 6140
4692 5970
401 7131
6153 3515
5999 1215
7002 6902
6579 2459
1750 9185
4770 6084
4621 2067
5215 9949
6994 1772
5157 1509
598 3618
6599 4450
1841 5567
9327 6155
2168 9067
4653 7188
2528 2706
1344 3092
2035 2687
7912 6483
9722 3613
6403 9504
5660 4984
1205 405
4105 1508
5352 7614
765 3346
5394 1315
5986 35
2739 1376
3696 2570
9397 1704
4448 4240
7119 3559
8239 6944
6106 8725
4893 5548
3922 945
7561 3640
2610 7293
3523 9111
1673 4549
1088 4597
9552 4934
6485 7874
1263 8501
8229 2975
7151 3733
9081 9671
5438 4513
2437 1014
5871 4672
4408 2713
9818 2995
8667 3859
2887 5617
8993 2924
7144 5992
5411 6426
2651 4161
3507 9970
8657 8117
6129 9237
818 9848
7726 1034
1675 7576
4001 1409
6787 8660
532 9622
2635 7595
6703 2857
6815 8300
4529 2066
6409 7825
9478 3806
2931 7326
835 2036
6419 6370
6243 3758
9566 2684
9664 916
1056 6522
2914 9073
9808 7611
6300 4554
3343 4275
9305 176
1146 7198
7492 6502
8008 6547
9129 5859
7290 7658
4083 3842
6499 9988
1940 4404
2193 6906
9595 5628
7317 6536
2628 4148
4756 855
9931 2529
9336 9724
1665 450
8503 6367
3911 5633
2262 9399
6337 3655
6019 8001
9894 3888
3367 3088
270 6191
6776 2920
7150 7385
9748 6271
4184 5116
3916 1646
6620 1027
4826 7222
8335 5665
7031 1066
4663 1544
4562 3585
3381 1205
9871 316
7896 4803
183 2142
7175 9668
2673 4147
8355 4171
4982 4926
9665 2036
1658 305
7698 6747
3421 9133
8887 9278
5764 9358
8453 2610
133 4114
4161 7958
8436 9088
5325 9939
144 7070
8875 4601
1029 4822
8661 2445
4267 6898
2556 9226
8373 4480
142 7833
1181 3574
9997 4762
1930 4476
4849 8572
7100 7901
4773 5049
33 6530
7092 4156
9541 4751
2141 6575
3734 6817
707 6838
7489 4830
7017 8518
6027 4108
9885 7911
4011 3449
9315 357
6447 8123
5886 1047
6802 4063
1176 9322
8837 980
8635 7200
9322 3019
4640 3058
6959 5121
5404 7946
7492 2119
8373 2052
2770 731
5274 7862
7717 7452
7232 3506
4345 9115
7724 6050
7372 5347
2102 5206
9492 3229
8042 6413
3332 6221
4699 2372
4789 8405
5650 9205
196 9635
18 5365
5477 971
1849 6875
1972 1739
4006 1831
5298 2791
319 2248
516 2354
7635 5484
5719 9591
6716 4658
5628 8460
8956 3394
5558 3886
9123 7771
9752 4336
7166 970
2988 162
9029 1263
2307 267
7197 3491
5176 8053
3911 9613
8280 4559
7405 7723
3912 9890
1206 3496
2978 3552
3030 4275
6847 9696
1669 1482
6922 1308
334 3106
7726 7165
7914 2235
9585 952
9056 9230
4947 6520
6523 4436
2599 3531
4710 7534
6235 9165
1180 9241
3859 4525
3598 6916
1278 6506
289 2856
2607 6673
2996 9044
1930 6214
9009 292
8578 3912
7096 9341
2120 5736
6912 6003
2279 2720
687 1792
9424 9875
9684 1671
9328 5334
2021 4999
4340 8345
3847 1399
6723 1492
8731 5959
4082 3273
4777 1805
3616 6565
4982 6307
9627 3464
4521 5814
9180 2395
5649 8057
2342 9199
7789 6938
7459 6565
6803 3370
7859 7450
6081 3511
2720 2769
159 9275
7761 594
501 7565
2841 2034
7778 9270
9513 8132
1185 2979
7332 8019
3326 5446
5101 198
8407 6862
1082 1014
7315 2425
5160 594
1560 8376
8394 513
1814 4253
5701 7992
5618 1136
2458 7007
5699 2712
7154 9258
3828 9525
2486 8800
9961 3943
7147 7382
5520 5567
4740 7875
1188 9440
9369 7701
3584 1463
4500 9196
4006 4467
1320 9990
9451 942
9135 8408
5944 7609
8040 2929
6729 2957
1324 1702
4474 2101
5311 3729
9033 8063
73 3744
3874 805
7188 872
8357 6503
7880 5626
389 5936
964 1548
9128 9600
4847 9454
7397 571
3460 2200
9633 6607
629 765
5343 825
5229 9709
9878 933
2307 7539
1967 9987
595 9865
5064 833
5484 74
6581 3175
7270 7138
9472 6794
3106 1603
2784 9301
9545 8926
5426 6003
8167 265
2305 4362
1034 3497
8853 3366
4049 1542
5056 6966
5789 3164
257 9201
1074 9306
8647 9484
1481 2974
2583 9720
8411 5995
4094 6231
7307 4433
9303 6852
4305 8190
1344 2609
8056 9059
8633 7532
2780 4835
6121 95
637 7720
5415 8428
9197 1099
2175 4377
3784 3007
3857 7947
7675 9934
8273 6378
1177 8514
1058 1181
6564 9169
9508 3669
1997 2914
9901 8764
6689 1429
7934 5881
1171 7181
3142 527
405 4255
7783 5821
8244 864
7328 4010
6227 2527
3241 4825
4754 5761
1319 8947
8196 7866
8771 1545
499 9589
41 327
3626 1977
7510 9584
2220 8780
2343 8811
7368 9859
2310 1414
4920 4275
8846 5145
3812 6293
606 9787
934 574
7419 227
9340 4998
4977 6667
9716 536
4592 5594
5124 1281
8779 7929
1115 9113
4392 8343
5332 2846
9526 5341
3392 6333
246 1411
3367 5853
584 3165
6325 1286
5132 8865
9616 4320
3497 794
4375 9028
7844 6496
5155 3935
5725 9424
4750 193
4342 7960
9081 2040
7035 8098
20 2844
93 2751
8108 8985
323 8761
645 2049
1419 4851
7934 5754
2731 8687
9080 3731
9454 4127
983 8633
4399 8293
1575 6972
205 5570
5407 4515
7224 6949
6914 2606
3397 3736
9851 5795
1021 7271
3932 1317
2014 6579
2295 2082
6476 7584
1683 4281
5200 7640
3301 1862
694 8736
8721 2087
5395 7615
6321 2660
8775 6959
9121 4598
1534 6628
4071 7943
3268 4649
2883 3521
2648 6059
9703 1280
4462 3332
9328 1272
8129 2353
5585 2391
4706 8857
3499 2388
7646 2025
10 8715
6470 6772
647 1659
6035 740
5259 2984
2525 7550
7231 8113
8884 6064
3096 2541
2807 3312
2427 8887
5909 2448
2692 2537
9221 5469
8889 6163
365 2863
5768 246
9453 7483
95 1484
2673 441
5982 6780
7766 7684
6322 3040
8597 9128
4130 3460
796 3751
4759 1721
6895 3082
8297 5666
471 2530
483 8776
9682 1119
8784 3779
5513 2500
5082 8220
6178 2186
9647 5300
6936 9294
3300 1448
6447 5789
3785 8216
3004 7103
2357 1984
3202 4888
3045 8918
8422 7182
2514 6733
7947 2753
6903 9734
2481 4644
1288 1853
5895 1662
4038 2642
1635 857
5298 9209
3087 842
6180 3657
7073 7181
3607 6442
8724 5495
9239 8526
428 7956
3635 5220
490 3177
6883 5017
3352 5708
1777 8506
2223 72
3695 3621
7242 8772
3151 5652
4956 5493
4265 6077
468 5937
6841 272
4802 9004
3141 5276
9568 3538
7926 1097
1985 492
1023 120
975 1
315 5527
8692 4320
5718 6776
8268 963
9904 8780
3762 9916
307 96
2321 2086
318 8944
4567 5989
7481 3945
4950 3700
7166 6600
8800 8050
2840 4790
2311 2556
7366 1189
7322 2556
4828 3073
2558 9755
3576 9797
804 200
8882 8094
916 1467
6436 3185
5847 4935
9276 5207
3525 2554
7297 5925
7519 5715
1081 5477
8403 9234
8647 3060
9061 5985
5538 6498
2659 4652
2099 870
3600 7732
5248 1468
7978 6396
9309 5267
9253 6648
3305 65
3590 4623
2426 471
9291 380
3003 6741
3751 6915
3845 9883
3348 6920
5637 9992
7793 8312
4190 1207
3072 1139
4521 1679
9592 1577
2618 6501
7749 4207
3591 1320
9294 6212
5491 1188
4044 6038
8394 1320
5969 5529
5706 9998
2742 3995
2331 3044
5446 1785
6828 5059
4407 6472
4289 8643
9634 6940
3384 4178
3346 1832
8596 8310
2525 81
1770 323
4917 6652
3918 9262
4198 6506
6718 2097
1762 7742
2500 8944
6532 5688
1578 2565
7540 9357
8137 4806
5551 6669
2074 5570
3410 4057
9726 4132
8133 4129
5282 2652
1739 9798
3982 4937
4009 3478
7712 758
4704 9929
3612 4575
9872 4804
4587 8197
9072 5155
9187 8596
2045 8679
5734 7511
3759 7035
2928 5604
8758 6993
5877 5370
6904 190
2999 8552
7848 8339
3445 8702
97 1962
4106 1093
3547 3316
1618 494
1668 9543
8359 6646
2603 5292
2725 4745
2178 4663
784 3701
2502 3317
9696 6463
2274 4321
6245 8962
2665 9958
6884 694
7855 9914
1153 8899
8387 3114
3064 118
1555 5178
4538 5523
2169 5227
2221 218
5727 9103
1915 5656
9407 7476
3500 7202
2375 1381
3624 109
3795 361
6385 3831
1831 4512
5527 6607
8151 3
8815 6260
9969 3377
2974 8969
4203 2330
8412 9014
6472 2929
7307 6147
2805 2027
7506 4958
2134 9673
4184 7241
8795 9125
8721 2224
5359 5381
5603 5213
8069 8879
6533 1643
6237 1781
6962 5362
9277 3600
8613 2601
6388 9718
1906 4042
4024 5813
5183 7459
7991 5148
789 5126
8711 8961
9227 6477
5963 254
1926 739
9311 2865
9595 5583
4335 3283
3211 8480
8589 7714
7637 4267
7832 1497
5087 1857
1685 9593
7204 5118
3174 7011
2907 2451
1061 4693
567 1385
5552 8472
5478 3273
3870 3339
5827 4161
569 2393
9867 1918
5923 8130
4981 2982
5953 9080
1598 7950
7121 8658
2455 5113
1632 8886
449 5099
895 3625
2287 1434
2657 1591
3137 1140
9597 494
1577 8935
2034 4083
9905 6570
1793 9570
9224 3096
3199 8047
2073 2221
491 5842
221 2344
7816 6022
2908 4242
9900 4138
6745 410
9286 9974
2566 6587
4227 6384
7070 6550
502 625
5299 9686
6099 9505
3450 3908
8579 9265
9309 9453
4016 7540
3712 1293
156 9212
8055 9754
3270 5546
5336 9367
3622 7633
6025 4472
8108 3517
3626 7029
9599 8174
5812 993
4152 5541
8229 6022
9823 5816
5021 5200
2445 9708
5902 4565
5155 1655
7631 4971
8767 8653
7840 810
8691 778
5586 7740
9257 9025
9760 824
8485 9236
5805 9444
6060 7627
7508 8326
2462 6502
5815 6784
5569 5325
8952 2165
4415 166
4149 5638
8159 8265
9698 5926
6499 979
3418 7504
747 8490
885 4380
8772 9307
212 863
6433 7203
4781 2256
3042 2247
3558 9939
6591 9417
3458 190
2905 9614
2199 486
978 5147
1240 9677
1232 21
1802 473
2960 1850
1822 5681
2839 6873
446 4901
5681 5763
9881 5128
1105 2761
4069 6104
3728 5832
9659 3950
9870 3664
2334 8591
7108 6526
7566 4009
7131 1720
7447 3160
5476 1807
9201 8389
2579 1222
3399 4441
353 4073
1595 2925
6427 4565
40 3138
6361 4383
1989 3236
9336 7029
6034 2652
6886 6879
1879 5021
6994 4969
4007 3694
8879 8035
669 5787
9236 4959
9553 9829
8748 6641
4900 1636
1473 8279
2840 3038
7379 5157
4362 8898
3544 325
2617 7551
9425 6422
3145 8337
1303 3511
598 556
1437 628
2525 9083
6613 4855
8859 7735
7254 8786
8873 1993
9756 1059
9017 5797
2437 3630
8937 1449
3127 952
9457 9900
5353 7476
6130 8492
1548 958
1058 9579
5194 6358
9402 3097
4106 9574
2764 7948
3789 6859
7436 4910
7447 1647
5498 5255
4437 3019
5715 5010
7530 7950
7537 6775
2840 5612
1166 2210
2841 8861
9620 6310
6313 5999
8878 2101
4906 9710
4305 5889
4594 9658
7745 537
4569 7080
3008 8272
64 985
2078 775
1011 6456
2113 7438
5067 3122
7772 8340
6444 7991
4705 6649
3566 4371
4176 8928
4238 5970
2455 9478
8331 2927
5032 1784
5251 7924
2775 6668
1368 7903
4912 7247
843 8729
534 8667
2730 3794
5541 899
1141 3922
4100 3190
808 1509
6594 5432
7880 6214
5957 6681
2770 6702
6507 7338
4405 8860
9530 1389
7639 241
1466 4634
8493 8929
9284 8676
5058 6839
7157 3775
3434 2381
6243 7906
7664 4461
2177 7868
4893 3050
2104 5879
6191 284
7075 1649
1770 9191
2878 8325
2916 1364
9637 7535
5979 6181
4028 2172
5129 8891
277 1481
8604 256
1744 4543
6410 6333
3820 9373
6115 2005
6976 3009
9890 4854
7474 3929
4988 2051
1823 5751
1787 8205
3592 953
2109 3596
8927 5757
5993 7953
6174 2621
9961 1933
9750 6956
8595 2452
3356 9355
5146 1331
695 8124
1789 1876
2599 6302
7074 1470
7571 9161
662 3415
7976 5928
6800 9153
280 3666
188 5869
1933 6112
8144 6574
1582 8902
5060 858
9443 2801
6302 335
82 8914
8092 9098
9869 7893
2763 3347
4913 4094
75 6813
8967 8791
8307 7288
3577 2099
9133 9379
7384 7863
9392 1449
8857 1665
4034 3178
5712 7520
5637 4601
6502 1589
6554 8294
3273 8809
1389 874
1608 4338
6800 972
9607 213
638 8806
250 8558
3653 2454
9356 8358
4811 5660
6397 5459
7478 672
8021 7338
8911 6198
3445 6906
8454 5170
9250 9169
6362 5221
9237 4276
3813 4323
3883 1089
9305 8264
1689 9
9816 7360
1813 6161
387 5617
1755 3104
3673 2063
9979 8524
3160 3456
7586 5685
8375 3959
6927 1944
2704 9558
9599 6592
434 7201
9020 3660
4100 499
4659 4492
9641 907
6374 500
8887 4953
6571 9389
7236 7009
2292 965
130 180
8359 2675
7636 1993
1637 5506
9603 6478
1663 8030
6507 5368
5544 9736
552 7760
8134 4515
914 2052
2322 7789
6033 964
6624 4449
4453 4363
2090 6209
9527 7234
8282 2031
9327 7475
1410 3925
3112 1007
5015 9325
3899 8972
3813 308
5754 9630
5555 7701
4453 8333
9015 2210
5408 5440
9779 7073
6559 5972
8356 9350
3173 7867
2309 5621
877 1212
4876 6200
4742 8798
6979 6809
2440 2873
3871 2589
9263 8723
894 3264
9588 2902
6246 1571
8346 4023
6587 1479
992 109
8133 3501
580 9348
7598 786
1275 2827
2896 7293
9436 6537
8217 4257
9214 138
6480 2635
3546 4002
7089 9248
2615 9915
4419 2170
9488 4488
7071 7670
9219 958
7134 1782
9725 6233
745 6699
2658 8916
2481 8445
6808 2264
5460 7531
7614 8216
9266 9414
6454 7224
5308 7216
466 1617
8062 8206
3446 3918
1795 65
6897 1944
2136 9572
1326 5800
292 977
3279 676
1732 2767
3397 6302
404 2978
1063 9522
5919 1839
4168 3914
1959 5263
3858 1683
4914 693
2163 1788
1319 6145
2557 8028
3876 2046
7214 6557
1416 671
1110 6953
9088 6256
133 5044
5089 7268
354 6647
8018 5015
6889 9583
7457 4204
4128 9866
2521 5258
7730 1289
8264 4910
5955 5141
4934 1171
4611 3326
5605 723
8825 5161
469 3689
8978 825
2485 4758
9702 8823
7659 6857
9061 2781
662 9194
8114 3138
4949 1916
4139 5552
9472 1459
4453 1162
8000 3154
2667 8959
7995 7224
407 2206
1174 1009
7855 3440
1532 9202
7278 2033
5638 8568
5992 8783
6911 7889
7997 792
613 2113
6518 6791
1299 5595
584 3619
4048 7094
8210 4620
8352 8736
4649 5437
773 9119
4654 339
7405 5895
1464 5191
1552 5068
9446 4937
9372 3523
1162 2495
380 8035
7640 2766
645 1899
902 5030
8298 8845
3419 2090
4522 590
753 8599
4661 3296
2316 5189
5754 8550
5113 4342
8108 6761
7299 9262
4830 4316
336 6409
184 1403
4554 5573
7885 8271
4853 6788
9801 4187
934 4943
3792 7796
650 5493
3847 4806
9673 3549
8580 8010
7306 2918
5569 5259
2065 8958
4652 3006
3125 2288
3343 158
8656 4075
6043 7486
9721 3343
8110 4940
8276 150
216 1093
9790 9697
6853 2221
1203 1756
3194 5542
8039 8645
9073 9086
5983 3218
6509 1692
4368 7631
7944 6806
3419 9993
8202 4163
7352 9754
2543 5925
1370 8924
5803 8831
3366 9986
3710 5011
4325 7887
6015 853
3260 6543
5805 1836
6905 3224
1616 6639
5005 6026
8973 4296
3796 2373
4202 9304
6544 2419
1214 9549
2512 9137
906 655
2123 2550
9802 4560
5885 2149
1973 987
5641 6482
1532 7546
6613 8792
7477 5111
3177 643
4223 1060
3400 84
3371 761
6708 9106
2401 88
2092 2580
3064 857
663 595
6333 6915
3183 9429
6536 4809
2834 7537
2096 886
4976 8534
4060 2862
1852 2155
6897 1982
9075 9826
8405 2524
2770 5383
2055 8605
3650 4199
4497 3633
7814 6037
4688 6676
7443 7542
2504 1259
9678 5604
5048 5205
8930 5695
4226 6786
4320 8419
7670 3727
7106 8447
4435 915
2197 8493
9993 666
3013 4594
2163 7494
8333 369
9469 8340
3498 9651
9505 5261
9816 307
4947 1560
8587 2138
6531 1547
2804 9342
1288 3570
1015 4931
6845 4006
477 6463
5037 9885
6089 3540
7673 7503
7962 2040
3858 1034
3981 2298
91 4854
3121 8322
1998 4740
7043 7806
4018 7650
4307 8598
3188 1246
4708 9009
8927 499
6249 960
3514 4040
1205 5090
1454 8507
1178 4535
4010 3147
2925 6733
2604 8745
5905 5160
2641 8807
1385 2181
8610 8456
2027 9693
8503 5299
3181 5877
812 139
3296 369
4054 4301
4062 5073
4225 480
2559 6510
6347 4667
3534 4030
2367 9357
3563 1079
177 7516
4287 3992
7937 6164
8141 9603
6627 2234
5500 6609
2793 9930
4390 5908
3176 4138
2364 5018
8627 2363
2186 6644
786 198
4112 5756
3194 7018
3419 2052
1272 9559
3698 6090
3581 3843
1668 1967
4166 5098
2991 7743
6785 5035
7838 8667
673 5142
1136 7770
4554 5946
3578 3073
9976 1183
5832 7425
2000 1250
3004 4637
9156 1118
2907 8357
8668 7499
7 5740
2407 3156
4098 7720
8440 5504
5879 632
8537 1018
2236 8883
7786 3765
7509 7615
9959 5347
6617 9845
8296 1485
2442 3863
9472 8266
8729 2402
1537 3302
3404 6793
7772 8618
8295 8991
2873 5414
3295 3277
6833 3890
5633 7397
4843 8088
4574 1039
558 8896
7555 3527
5347 2111
3153 1775
995 2876
9096 278
8853 8305
1060 3707
1593 612
99 5804
7378 2249
2852 5653
2316 496
5497 2042
8821 4617
6941 2925
7192 1951
9058 9483
2320 257
7682 5971
9749 5948
4699 7539
3209 1726
2523 300
9608 2278
60 3778
7784 8361
8557 1393
9863 9568
140 3756
4647 636
2436 2763
2447 6989
4473 3571
2671 4722
6729 9421
6761 1819
390 3118
9062 9090
639 6256
218 4039
5899 6576
5494 8350
6619 8715
7485 1061
320 1260
8051 6570
2119 2832
7526 5822
616 4137
791 5319
7907 7824
1644 3391
1170 2499
9454 9058
5740 133
6018 6764
7219 8439
2050 655
760 3010
3135 2671
1968 5114
3168 6625
5054 499
7530 3403
6696 8562
6372 6546
2956 9063
3385 9356
6150 8836
4464 7892
5554 5437
8372 8349
7757 3745
2769 5749
294 9454
4047 1299
7844 4841
4929 4921
2964 4786
3835 7021
5279 3332
1643 4301
8471 8974
5441 6111
4549 1590
987 7236
7891 7879
4443 173
2668 8405
2353 886
8144 8564
4602 4135
4099 8949
5140 3344
9360 3642
4876 1290
9305 1908
3758 9814
7168 4195
6300 9012
363 1789
5200 6850
3649 4102
6548 5872
1580 8831
3881 3357
8474 7338
677 4790
9714 7988
1809 1683
6674 8152
4184 7310
8173 3089
6680 3737
3290 3249
4616 5273
633 466
4413 7434
137 8635
2040 8786
2151 2163
5077 7812
344 9094
5581 515
7065 1011
9110 2961
7939 7231
9302 3848
9240 6448
1112 4221
3768 6745
5039 5549
7071 5557
1044 9795
9884 2649
1506 9903
3888 7205
6045 206
2836 2650
7103 4833
3595 618
8909 7362
2863 4942
5304 2695
6459 2372
4902 5328
7805 632
2008 9338
734 9113
6297 1264
2460 4079
9118 322
8997 4264
1253 5762
8745 3173
9711 2473
5960 5091
7276 4359
5778 1146
2781 5507
6301 9515
9226 8101
1990 1629
8825 6068
6654 7020
5252 6739
4584 4906
9032 4518
7537 9044
6952 1832
6122 5728
5778 259
2446 7771
2232 3080
9403 1977
1685 9321
5621 8784
6820 9097
1192 1832
7808 5609
8983 9898
3274 2088
1761 5855
1702 3144
3482 2494
3289 4912
2933 6217
7716 6581
1312 9295
724 2428
7889 1512
4978 518
9583 3570
2449 5970
6756 2792
8072 8293
4782 6941
6102 8680
6512 6037
7134 2570
6015 1271
3415 704
7764 2296
2481 5714
1624 9286
3278 6676
931 8347
1252 7120
9949 114
9248 9944
2451 9578
1772 3329
1312 3025
2538 4374
9030 8659
3430 5040
2103 7251
7263 6517
3862 2127
1337 1711
7875 610
6680 9407
1458 6469
3287 1292
5779 7537
10000 238
1389 4088
3844 2710
3183 9068
5552 8208
6589 3983
8953 9978
4004 6642
7163 6848
7602 6076
2679 8523
6455 5932
2100 4402
9142 8537
6104 4975
3942 3614
4789 2161
2578 5218
5132 3005
4963 3430
8015 1605
2454 2805
9782 1195
6993 4165
7806 3269
5117 5118
5625 4940
9773 9051
6944 7955
4303 269
4581 5113
2979 1381
4304 5211
9804 499
424 9379
5355 1076
2341 139
2850 2757
5849 2337
3512 956
3689 3057
7787 5
5440 7105
9845 6626
2749 2507
6137 5189
3547 4256
3259 1886
750 8042
2452 3022
8931 2773
5193 4606
7457 9488
794 3741
9526 5369
3763 3787
6902 5388
2965 2986
3588 1435
9776 5217
4250 5765
779 9242
7565 6775
960 7895
5852 2414
3522 689
3567 7080
4806 2864
8360 5998
4755 6620
6362 2692
8837 3097
8212 8705
6271 9692
6560 9592
5971 8980
3854 2695
2345 321
5397 3997
3191 5858
3564 9750
4164 3579
7267 8490
8592 9183
2097 2630
5391 452
6322 1688
347 6185
4909 5661
5044 2891
8963 9306
4647 5206
4379 5821
5196 7908
2913 1215
1239 5988
50 7684
9218 2892
3673 7868
9991 9232
6283 4746
7494 243
4654 2639
8113 9316
587 6007
7672 9211
1557 4421
5281 1070
3274 6466
8935 9333
2733 5732
7681 7768
2923 8144
3068 4027
5121 7408
6817 7537
5192 525
2077 9108
8841 4511
9556 5768
4752 414
701 7988
5328 9612
3103 8357
6740 7939
4434 5345
6827 681
2614 7270
4411 4230
1031 53
1705 4304
1704 4600
2785 3371
6024 1135
1111 8394
8763 8001
98 2213
1387 1825
3535 8962
3907 7234
4149 4463
9590 9886
4071 7244
4548 7816
6256 119
2685 1101
1343 744
7432 2183
7202 2205
2806 9047
2721 7966
9204 9217
4265 634
840 729
2692 2403
7881 1238
5517 95
5601 2484
7481 881
6190 115
922 8109
3688 1891
5544 7651
1075 9568
1806 5361
6129 409
5725 2465
1699 5811
2270 2666
9422 6086
3607 9106
5650 1329
8282 2307
7081 3155
3972 4072
6773 2582
9214 9303
886 3518
14 467
232 8514
5679 4518
642 7896
3735 5174
3057 8083
2116 6169
6999 8385
2122 387
7182 1147
6659 4183
8070 3506
3468 6630
1154 3464
5360 8973
6959 5792
4348 3319
3208 9300
6568 889
8906 7689
1701 5690
1710 3773
3858 8648
4649 8970
4433 2829
388 829
7973 8134
7753 9395
3124 4277
4478 3951
4106 6471
626 752
2729 4073
6354 7384
7800 6317
2401 932
9314 6099
9152 8766
4747 1826
6952 9908
6225 5589
8231 274
6540 3858
3940 2900
5462 1450
6273 6251
1935 5991
6544 2153
1909 1942
9609 8230
2476 2499
1847 9305
7271 1513
3596 2128
4401 2241
5181 477
2308 4134
9701 5304
4088 3406
416 8807
9233 4334
7950 4138
421 1048
165 5490
6659 2620
9356 1323
9798 9615
8197 6119
172 4217
8981 6043
6581 7342
8263 4797
3613 8195
8345 2513
5882 5013
3085 1866
9978 4718
8841 6751
7455 9266
1254 9298
5057 1073
3017 3885
80 2941
9648 3002
977 5207
167 6276
3840 6603
8099 8835
2390 2284
3748 5115
5254 5948
5028 54
5714 4552
8531 5294
2637 7599
9068 5970
4986 1619
9956 3560
7439 1962
5914 4971
736 176
4472 9873
7562 9722
9210 676
5690 264
5737 1066
7030 5641
5181 8860
754 2575
9152 9593
1265 4455
6595 4363
7060 9115
4215 7518
7600 7166
4445 9574
613 7267
1732 8152
998 3982
5715 2851
473 9977
2331 3857
6979 3031
2096 6454
6474 5253
6281 8495
3098 743
1272 4280
8473 188
2290 7213
3030 5399
4898 8017
9660 475
7469 5969
4828 3638
5769 7281
896 7588
6364 8435
955 1034
2822 4386
9598 4676
2069 3744
1809 1114
4263 1680
4783 3651
270 4831
5163 9373
2636 6668
9262 3249
4040 4477
2185 4284
8311 2670
1871 8357
1117 5415
1815 8972
5620 6859
6532 8732
1214 5638
2958 4510
1171 2997
8043 1193
2087 2795
7376 9768
9145 1963
5005 3574
970 2226
1564 6695
7750 7521
1124 7602
3859 3631
4219 6912
1914 5654
7659 5959
6517 1832
3439 6682
5604 1134
2105 455
4541 3336
9747 1937
3485 9798
3346 1658
4009 1446
1971 5984
9271 3115
2129 6708
7751 3447
902 4697
1073 4567
7066 4293
6274 5819
4139 5204
5269 8975
1578 6910
2272 2384
4033 5836
9846 8764
4818 6345
3109 9317
3952 1289
9228 9478
9773 8684
1096 1619
379 3619
4187 4667
5384 7141
2903 4528
7062 2930
4875 9708
2008 8887
5792 8295
1934 60
206 2330
2579 7786
6870 2674
6345 7375
8832 4402
5214 9881
3106 1204
3983 2654
7474 5592
8694 3446
7173 7051
3232 9876
5627 113
7534 8873
1074 4994
1505 5613
1711 842
465 2522
7277 5872
6719 3898
7666 4009
9946 5690
4854 2035
6667 562
7790 8366
7147 468
8323 548
6500 3217
3039 891
9089 9998
5294 6646
4011 1649
7832 9104
5170 5657
6079 3227
2624 2855
8033 3148
326 5732
4083 8798
9132 7022
8182 6289
9941 5881
4307 7144
8003 4957
7422 4695
6872 7684
3840 6007
9369 2939
5529 3360
139 1552
306 4491
2026 2017
4624 6231
8825 9312
2303 9546
4690 6881
5163 3482
3014 5502
4454 8746
7825 8838
7086 5838
8112 4113
9243 8134
6556 2965
6420 4376
1461 759
7553 8651
7543 1688
9919 9035
6858 2753
3207 3085
318 8062
6471 2997
6084 6334
3907 7
1935 164
8430 3403
2533 8619
4711 1338
9061 1342
8707 2124
5757 2784
6862 4759
8735 5056
9541 9301
5211 3642
9566 1268
3964 4158
6494 7442
6053 3387
6277 3795
2352 2640
5623 8701
3331 7950
5029 387
4599 614
2207 5735
8352 9941
4827 8944
3127 4174
8385 6187
3785 7426
3641 3161
4302 2145
8707 8367
9532 8319
9974 5209
9217 5755
17 2922
6566 4648
4800 7497
4350 5862
9504 2537
826 5549
5683 957
9880 6401
8157 8432
4336 7017
4628 3250
8364 5492
3681 4627
7212 9688
5920 2743
6817 8646
5429 4082
7613 5553
1640 4101
6802 4091
7844 5231
9872 6481
7970 8909
2839 8096
6255 6743
9258 5499
5858 7580
7880 3858
9866 7857
5824 50
1019 306
6104 6790
1188 3305
4643 6293
7668 3108
5683 6280
9493 9343
4193 5893
2241 7047
7516 8526
9819 2536
6837 9648
9336 5594
5125 8717
8093 2991
4719 4339
7777 8239
3861 7369
2953 1963
3703 9593
6671 4998
8351 6498
7153 385
1913 3588
7848 4184
5244 258
7468 4855
3214 7482
3774 7831
8069 9452
7368 7418
2018 6742
4803 3784
2867 2314
2277 7566
9640 7454
9508 7115
808 7952
5034 9165
2733 3662
4925 2451
9568 6999
8299 828
8739 4370
7919 7417
2984 2559
2795 728
4209 7558
2586 8719
1522 3226
9289 6400
7491 5042
6489 5481
3806 3858
1311 3757
7640 4098
9258 3031
7987 1754
7051 8729
6063 1638
1281 3494
6577 7078
7946 3584
7512 4578
7584 5401
7044 2952
4499 2129
8580 4300
6619 2470
66 7284
971 9850
6832 4833
5623 998
1936 8702
8891 8624
7305 3678
5950 1529
513 9995
7820 2323
6107 7427
8834 5572
9498 7629
7115 607
3390 8844
1164 6194
2505 3015
3524 3420
6145 3420
88 7347
491 8589
8864 4485
553 6473
7218 8724
4669 6626
6862 1492
3160 8863
2392 2224
3363 9750
8564 684
4102 6421
3882 4565
5559 592
7370 944
2282 5262
9211 5534
821 4247
1383 2601
3587 9434
3963 894
6216 7467
1183 2775
201 43
9268 3582
8030 3077
9833 7528
8944 1157
2028 1486
5864 3084
332 239
8164 9780
4503 1672
3869 1794
8960 4261
4283 3275
5988 6945
8397 4454
2703 2112
1851 7548
3814 6306
1279 1164
6052 4870
7337 8238
6415 9993
5428 8038
3143 457
628 843
1402 8133
4485 3204
1324 6817
2683 9814
2253 2506
6390 4951
7063 7788
371 2154
3773 7066
4156 5218
5408 9107
2694 289
5024 7949
2087 1527
5076 3805
7468 343
1838 4315
7727 2640
8510 5568
4424 777
7853 29
2693 1105
7492 4556
2808 3697
2342 9552
2414 4946
3430 2164
7604 4563
4818 6425
9835 3078
509 5658
6358 7212
399 5545
8890 7148
7893 2803
5329 6205
2433 9260
4640 3919
711 7286
7725 2686
1949 8908
6112 7906
7041 6750
6876 6720
7653 7819
8848 3023
5531 4092
7769 5023
2387 7006
2757 8349
5979 2169
3172 5015
5264 4938
3399 7307
1229 3812
2385 9714
3254 5618
360 8174
9257 4470
1560 9588
7128 8167
3764 3978
6204 4500
668 4755
9337 5843
2482 918
2840 5888
6409 7780
2369 1888
9430 378
4182 6803
4964 9512
4169 6556
8257 7584
4077 1209
8492 8678
2838 7742
3725 4963
4755 8559
3990 223
5985 3654
4887 1113
5782 1533
3118 7527
2186 3851
8785 1051
6379 5372
933 6755
2120 531
5622 337
9231 7912
4918 4782
5731 8686
490 9844
4985 6242
3575 2370
7078 8474
2783 8784
9893 1999
8586 8784
8145 7945
5715 2846
3565 3030
444 3189
6056 5818
5202 855
8876 3092
7098 4706
4887 6814
4424 8891
4465 402
7250 6801
901 8339
5765 9024
254 4080
3587 4115
4011 4595
9712 4718
8298 1485
9031 6651
2155 8572
4120 1224
5643 5602
8765 2552
4657 5496
995 6238
7595 8361
6549 7639
7917 141
8683 109
2321 7134
6962 1881
4069 5820
8258 3074
9447 6781
3518 5458
6504 5323
3456 9258
567 7349
6605 1265
7038 5658
2411 7557
9517 5515
7512 9089
65 1479
3603 8298
8675 851
8960 9636
3747 1065
2053 1215
9468 4859
6113 108
3787 9985
8829 967
2434 2372
1487 6338
7981 2154
8606 4888
8411 4409
7325 6196
8099 8552
6622 9165
7153 5398
1501 9141
835 4061
58 5874
2780 7464
7478 8999
5639 2363
3351 1651
4551 2564
8576 8924
2863 703
8623 4595
5101 3375
5761 297
5459 9009
8764 7442
3789 4419
2150 3078
9983 4449
8994 8518
2323 6352
6073 8208
1467 8046
3920 9444
5821 9919
6998 839
1134 8693
1093 6774
5287 260
5336 2950
9557 2704
5804 3827
7756 540
7161 4108
3043 4904
2445 2363
1780 4627
5756 1749
5140 9746
5938 4271
7228 451
4313 6214
5716 3525
5874 7175
2321 3166
8302 3319
8754 8435
2779 5759
6870 9037
4158 7906
112 4124
9153 8613
1736 4997
414 4920
257 4068
5774 7092
1032 5995
9126 3342
9834 8655
4297 1760
243 8735
2754 955
3470 3806
9411 3989
8980 5126
3035 5170
5898 6432
5786 4976
1294 3201
7237 9046
9112 4190
4684 3941
4289 1792
1769 8354
1613 2278
7438 5838
2914 6308
9850 2768
8872 9589
5878 7837
5534 5782
5890 221
4599 4307
2567 8877
7783 1005
719 209
1098 1141
92 3714
4395 8124
6591 764
5567 2223
7690 2041
2218 3769
6562 8483
4477 5845
7984 6958
7373 763
3228 3558
2793 1329
5511 5968
6661 2359
9934 100
7692 6457
4629 4118
4363 2132
4641 3944
4068 3519
9286 1899
4423 1762
7668 5389
7241 9727
334 2855
6790 5007
764 5929
5115 2962
6854 9370
5415 5265
4010 4163
3985 4314
8306 8251
8838 1002
6918 1732
312 5116
4210 9148
8343 7574
7640 224
8206 6897
9471 9588
6469 2418
1124 2021
9091 3973
8759 5239
857 7520
4758 5987
3119 2008
4114 6752
4794 7153
3892 9735
6111 2652
5613 5996
3101 6474
6538 2667
8288 5837
5968 632
6586 5010
4858 233
9255 4948
3835 211
7957 7191
5158 3340
802 471
7164 8705
9548 1806
9199 681
334 8321
1847 4614
1256 6984
4389 8356
8382 1662
665 8732
2370 7949
371 4487
419 7990
9057 1762
5822 2485
914 3072
7034 2929
9680 9762
6898 3466
6506 9441
2301 5811
4009 3297
6947 2641
8985 6381
3185 1709
758 1194
4773 7401
9679 8685
5995 7710
3821 8549
4465 943
7592 3007
5345 8722
8888 2297
8913 2311
7715 684
5915 3850
7186 7695
1663 4852
2282 5272
211 7933
9427 1561
6385 6988
4976 8788
7463 48
3427 1349
4616 7474
8786 7012
1073 4609
5510 4788
1 9326
1464 2326
8478 3984
3860 2448
9173 9129
6312 7121
6861 6912
8127 6401
3504 8585
2408 8886
5943 1575
4411 5184
7832 746
9666 9903
9153 8896
6703 5029
5754 6004
9835 54
6235 7930
6887 3159
9938 8580
460 9639
6875 3294
6906 9
1985 6193
8880 2788
1136 9802
2794 8165
4783 9656
2317 5546
968 6204
5045 5316
2715 8293
7335 9060
446 1317
8675 7143
5649 9114
2838 7391
3653 7158
5996 4784
4802 9666
3207 1486
4270 9755
4592 2007
2678 1871
6236 2695
3606 3770
5144 1962
8802 1244
4502 6240
7201 7285
523 5696
1776 6460
6835 7459
7798 1336
3331 8668
1016 710
4022 8430
8048 8623
3127 4283
2047 1084
5484 1782
7469 4501
305 957
3798 3835
6982 8907
6782 7793
5535 7097
9957 3647
2656 2299
5150 2604
7997 2260
2704 4917
5005 7537
8159 9200
2518 1098
4889 8984
2052 3603
2317 6337
1213 5603
172 9656
7636 7664
692 2761
479 4411
4008 7647
5827 6656
2146 3482
1364 3215
4080 206
2231 8429
5954 3482
6656 1686
5403 185
3773 9012
7016 6213
5819 4123
7851 449
2796 863
7051 2150
88 9661
3564 1205
4078 7447
8325 2231
6017 9095
6206 2592
7931 7364
1788 323
7120 6018
7820 7898
4250 4740
2174 3882
7000 7696
8488 416
5995 5333
1521 4548
1376 6607
2862 1744
1776 3525
1650 5588
2675 3179
2492 3458
6383 2700
3827 480
2330 5210
2610 5051
7739 53
4260 6908
8158 4633
5062 1008
2324 7074
2101 6243
7656 6438
8284 9437
4183 9892
8640 2161
2778 4362
2246 586
2715 6253
1790 3882
8804 1942
882 7466
7312 2606
1908 5898
585 8750
2790 2715
382 3902
7216 3897
5731 4860
5063 59
2874 8909
6990 2126
7655 9934
3281 5826
6291 8960
2083 6689
3661 4324
1203 3666
3804 4646
3969 2085
7799 5817
9431 3891
8093 9941
5249 3985
6243 5856
9019 4394
7020 6356
4335 8492
7149 909
2118 1568
8773 5710
9702 1097
5811 7776
1615 962
1309 966
8099 2877
5179 8884
8348 1165
6375 4994
2778 7927
9848 5630
1399 8695
8534 6555
7417 9762
1099 3097
5491 5215
8979 4567
8391 7875
5520 9815
4621 9524
9182 8160
8121 9145
5497 634
9466 5522
2048 4936
8493 6709
2513 2721
6813 4288
4845 9725
9480 9401
5319 5694
6592 3283
3079 3936
7683 5308
5878 4627
6666 6202
9257 3020
1894 1545
9216 9724
6183 7252
577 5948
879 7694
614 9801
4283 4831
3180 1953
3813 7219
7936 674
1790 4532
1254 6402
5111 2417
7967 8947
4789 9609
3587 8881
4206 6381
5849 3430
4297 6485
1767 717
6750 9912
1213 3508
7781 8
8896 979
2141 2748
8595 2016
5995 2032
896 8008
7840 8317
9601 7103
8394 817
6978 6906
7326 9332
8151 6061
3181 4904
3123 8338
5469 7294
9673 6857
7731 1592
5128 8096
8109 4884
803 9636
4599 3048
6586 1588
9296 1584
7048 5597
8272 1175
7045 7492
2149 9528
6457 5686
3225 2353
6275 1582
6058 8272
4180 7426
5710 1295
7796 3527
6853 3516
8606 2319
4397 8487
1672 1897
2621 2486
1649 2350
2841 1999
8069 7579
8046 1571
1046 6444
7700 7838
4888 6520
2013 854
8411 2129
8824 3921
249 526
5993 9546
1597 9107
1349 5309
8030 8911
2846 4002
8250 2700
925 779
7103 4021
1710 6574
6448 7349
2694 3709
8581 2844
6996 1509
6990 6595
9124 1007
7083 86
6999 8459
9196 2839
708 7192
3255 8912
1486 8202
59 4688
9534 1173
6537 5099
7655 4485
5566 4429
507 3903
6059 1822
4017 8828
9590 7674
1650 899
5773 1311
362 7666
3707 3519
4112 7742
3708 318
2429 9732
5448 541
8948 5490
4435 1046
449 1314
304 2451
6321 8363
525 7557
3123 8496
3587 6992
8566 405
3226 8536
6800 9699
2673 9144
5093 7763
2578 3059
506 657
2357 4927
9707 4559
9306 7575
8916 807
9350 1260
6536 4850
5422 8
2150 9512
8415 1370
8970 6444
5923 6614
6458 2065
2767 575
1320 4969
31 3926
1206 7340
6123 6181
3298 7886
8906 6672
4199 4485
8078 4254
8864 2565
3246 1125
2271 7683
496 6223
5171 8312
2944 4528
3374 5850
6340 1133
3375 4363
6742 2796
5472 7535
6292 9067
6672 5593
3167 92
78 3173
1281 6447
4995 8098
9231 4866
1938 2142
5928 6601
9909 642
2105 7555
9122 8472
5537 2880
2532 648
4487 2110
907 7736
3440 1166
3407 6422
3370 6691
1630 3360
4470 1264
6653 8868
8404 4650
9865 4594
782 3236
5119 4236
8004 8985
921 5951
4020 4611
1651 4065
5529 9388
8417 9447
6647 8665
1559 1257
2422 5918
4830 4537
2456 1272
6453 4443
9071 5685
9990 2921
3109 7079
27 4287
6596 4355
2832 9175
4540 2671
3579 8547
9684 2868
3618 8819
204 4591
264 6943
5466 3483
3440 7446
2684 3551
7598 9243
387 8225
3167 6007
6064 620
7411 7144
55 1529
8190 3398
7509 9718
2759 6556
1485 9582
382 9966
9425 2821
9668 4345
4826 1875
4787 2628
1429 479
7206 5799
8549 3829
6737 2933
7246 3960
4785 921
1141 2565
6383 8562
5825 5899
5864 6606
6128 318
8376 6806
2755 4319
8787 3073
1036 8670
8887 3672
209 1746
3557 2321
4724 8448
4394 9275
7814 7467
3073 1011
230 9375
8161 2177
7172 5526
9142 8169
5635 7068
7765 4477
1849 9444
6309 5209
3997 4271
9790 5638
7815 8198
8637 4253
2385 6414
2681 1325
1362 9480
5932 6111
4234 6861
3635 1183
9743 5432
183 498
4151 7321
8491 7591
4502 3225
9111 4814
8836 7204
4973 4102
3261 5937
5556 6268
159 7588
3529 6792
155 5808
4382 5358
8015 6070
487 242
6177 5984
8672 4010
8435 9310
9559 3168
5958 9013
9423 490
2196 880
4869 5574
5660 5766
2128 7123
5352 8233
7660 2397
2423 883
1957 1483
9343 9172
2116 9524
3818 8930
9498 889
4985 9110
4231 5767
9927 396
934 1630
9212 1768
3773 831
9649 9352
4064 3947
4496 9932
3274 946
6881 2503
4768 9257
3834 7059
4497 8487
6383 5823
8667 7827
4250 7444
7992 9293
4754 7810
8617 5640
2522 7176
2463 9481
2426 1773
5431 4052
2121 3270
225 3221
4890 6974
4593 4688
8178 2640
9383 6033
168 7549
7160 7053
5535 8613
3050 5696
9462 5022
9826 2969
7903 7588
4522 1094
9682 7657
7208 4382
6682 4127
5290 218
119 4957
2880 5209
566 9424
6122 6433
9648 9841
8747 5386
2085 9906
6147 9811
5292 5428
9469 6888
5001 8293
2843 6484
2510 8818
3156 242
5292 2401
5961 8754
3742 3922
3435 725
3512 4663
2866 1731
540 6084
937 4682
1821 5296
2852 1553
8723 1543
3350 901
5517 842
5080 2047
6359 3654
9609 4641
8972 4152
3066 2406
457 8677
6245 9236
2838 7657
5968 2321
7855 3630
6583 6129
2539 5814
5975 5427
6538 7660
417 2695
6156 6480
3630 7077
9313 9299
1401 7500
7930 536
3701 9966
5161 4252
4014 8356
8893 7150
3737 486
9292 2293
5200 3196
7982 2372
512 8837
3223 5729
3349 7971
1672 9309
1923 181
9787 7198
6562 7731
216 6949
8258 7500
3665 5041
622 9985
5870 1100
290 9917
3519 7414
480 5858
9975 6984
3200 6699
9129 6380
8064 1362
8178 427
147 7832
4061 7361
7519 7678
3902 9849
3373 6126
7712 9467
9907 8095
717 9615
9304 7086
4014 1394
5247 5473
310 6074
6001 6213
8187 5133
5541 8257
9275 5722
2724 476
1465 3286
5995 6993
8288 9132
8664 3347
5088 7142
5804 1083
8690 6808
1221 9269
5640 1169
6096 1887
9983 8392
5275 2612
6833 3563
7866 8467
4291 3610
2804 588
7957 3431
2926 6281
9783 8412
4666 4356
1379 9391
5997 9918
4161 8269
2972 5253
420 2498
8449 455
4882 226
3143 319
9657 1424
9197 8352
3453 7859
4855 7615
7400 9830
2980 3142
3928 3152
6829 4681
2289 3196
6784 2277
1089 8735
8089 9210
7666 8136
7445 3668
6891 898
7612 6609
1195 1940
5898 1742
8316 356
4950 7688
5395 7341
1991 2111
1754 9337
1415 3561
9990 1622
8335 5815
4921 2012
248 3314
6768 4671
7938 9392
9933 5641
5079 2512
2484 3254
5435 5385
1731 4738
6373 112
5906 9186
2091 6435
3211 1500
1380 4485
5580 4847
4426 3547
852 2610
832 2942
4611 8298
1239 9324
1511 7607
9977 9705
2779 5976
6770 2487
2550 7841
7942 7904
3907 8064
1052 345
7776 1124
2153 7819
2135 4622
4843 4417
2938 1818
5719 4832
3324 600
4689 6939
383 2020
352 3153
3633 3387
8726 8778
2164 209
1680 6713
3543 1443
1611 805
3848 1388
7066 3617
8241 8743
8227 1866
5021 3081
2696 7932
494 9406
8777 747
4902 7177
5069 542
7917 8378
4585 6048
6852 5307
1096 1011
3705 6565
2473 7511
1261 6191
9051 1961
4864 2721
9936 2262
3752 9585
2937 7149
2398 8960
6790 2725
6329 4727
274 151
2332 5283
8939 5142
7297 9998
187 7822
4000 6552
182 4159
1589 5792
4978 5286
3942 7477
4234 1353
3650 7457
4874 4729
7470 1555
2634 2699
365 282
6908 5510
539 578
788 2964
6107 903
3503 5511
5783 8633
8619 89
229 5695
4059 1404
4566 4922
4023 7755
5062 9156
628 7506
3735 8559
829 6205
7871 6275
1439 6589
7105 5906
3858 9957
3615 9207
2346 9157
1091 2268
2557 5137
5352 5232
1262 3441
8312 408
759 4563
2508 4300
7835 4797
1307 9807
1150 1394
8773 1800
4499 6447
8697 4935
8329 6974
3486 8635
2171 3285
1524 2090
8748 13
150 4981
5825 4697
6444 5983
3793 2601
8969 4619
8343 4906
5996 8469
1398 3162
6903 6801
587 261
5715 9174
1635 3828
4682 7358
4927 1906
5366 7363
4725 1697
3453 5415
3994 479
678 7711
1729 1686
961 2737
1848 8828
7913 4108
5988 2246
8682 233
6157 5080
9066 6680
2037 4170
4110 5416
5070 9802
4768 9493
8874 9598
6813 7379
7874 3924
590 5271
4935 5538
9495 335
5631 3260
4275 1265
6315 9804
2868 4119
6000 1512
4866 5857
7704 2833
9220 6575
242 9987
2255 5554
9181 2843
7195 7972
4344 8516
8328 5093
2672 6803
7475 9625
7347 983
258 4516
1671 7668
4886 7703
929 652
6015 399
2058 6544
3884 2037
9593 4964
4423 2533
7667 9971
3620 4702
6419 1276
2974 7528
5931 9582
6663 6505
3047 2256
1732 3105
3673 5329
9653 1087
7579 1180
6062 9826
2580 7059
4021 9436
9589 5720
6875 1851
3318 3401
8587 4761
6419 8943
6610 6040
3300 9779
3805 8976
7702 9000
4373 3743
4442 3168
2645 8454
4659 258
4414 126
5104 4616
5581 6111
9652 6249
5989 8134
2875 9738
5729 2179
1613 629
8681 5640
7717 2677
5045 675
7249 6279
9681 6689
9275 999
9627 6416
7762 1739
1509 2296
2280 588
907 9889
7592 3615
3070 8147
439 845
1705 4567
4590 7403
5756 8089
9434 2711
9189 5239
488 7125
585 5905
9859 3881
7685 3197
2907 2467
7847 4132
1325 7284
5286 371
640 1489
6625 7041
536 4533
5896 7755
9530 5954
8924 8710
6102 30
8292 2661
3321 2158
4622 4042
9578 6700
6185 1938
4302 1654
9582 2966
2563 9693
5441 9907
2265 8167
2421 5275
9116 2331
8441 4144
261 51
9339 1722
8391 7070
4928 8491
6420 5699
2221 9138
6862 9814
3474 601
7818 4283
1716 3160
7165 365
9904 7245
4594 4215
6587 5737
4282 9889
8506 1393
8877 7679
7690 4897
4329 4024
1867 6482
9299 1726
7402 2683
2781 8207
4998 1078
8857 5098
1137 698
5184 9145
6932 9864
5833 6287
6740 2932
8885 5825
4800 8254
5558 2643
3623 5690
7915 1828
6249 4601
7393 4158
6915 2433
5718 9875
3385 9001
2364 6201
1177 2304
1724 4625
5963 9753
4358 4643
438 7973
7790 5855
8572 5920
5824 3228
1483 2498
4592 867
3840 4518
4257 6809
2158 9821
2632 9390
1674 3966
8912 2413
3304 2079
8359 3253
1426 5025
6300 6147
889 782
236 4049
7226 7163
3974 8073
4207 7282
5650 6108
5068 8389
5423 1773
6895 1624
7662 4509
6678 2706
4524 1843
1885 9358
6737 6725
3835 6854
9644 7795
3331 8328
3613 2739
1690 9110
8071 2346
3181 6438
1678 1501
979 3382
6741 7600
1348 5102
8403 6000
9562 7096
5922 8445
997 6359
8863 9910
9391 9043
569 946
2212 5847
4629 9133
7354 4159
1467 7393
29 274
5398 2722
3640 2673
123 2267
9418 2173
8431 7398
5789 6333
2910 5079
3097 7433
3423 4588
6584 4275
9755 5864
1488 4253
4781 3053
9332 5085
4400 5929
3143 9151
1523 78
8153 6619
4650 3558
9988 5531
5131 5457
6598 9607
3355 1263
7754 9031
2595 5334
731 8812
7260 4616
9149 2223
2507 3165
9341 55
7165 1518
8665 8276
1149 1676
1723 7475
587 5636
5780 5843
7347 6597
1939 6146
9049 5565
4017 803
3036 7311
6409 3813
1791 2650
45 2291
9340 2228
2339 5822
5667 2903
6734 2376
8613 3201
7539 6547
2984 5714
4016 8247
6217 6629
8994 368
9665 3659
9561 3370
5141 4490
1279 7960
1400 9479
4220 4470
4874 3994
4185 4193
5804 9621
6526 6813
29 9968
1038 5358
2360 9232
8392 9911
1517 3480
1025 2343
8666 1381
8075 3560
3834 8203
4469 4172
2274 6450
4586 9438
1947 8024
9154 8192
1916 1717
7948 584
2555 4602
2148 2531
4798 5943
4987 4305
9871 5544
6534 2912
6985 7044
1536 467
8454 9887
3529 5637
5424 3448
9729 6438
1178 6342
1513 421
1718 608
907 3587
3993 1538
3495 1649
2765 736
7766 441
916 5264
9041 1220
3691 5827
7404 5749
9452 3103
8181 848
6362 8969
6127 9561
7264 2181
913 7186
6892 3849
5451 8268
5692 7828
3743 346
9355 1917
8570 5402
5040 3093
1901 8917
245 3620
6604 7677
1556 5983
5735 9448
2616 8656
8311 9692
4033 7143
8189 3059
3161 7733
5431 3892
5151 8148
4286 218
6004 2658
1657 822
5189 5898
8925 2864
2691 2098
7111 5725
7049 7550
9597 9689
1588 1884
6792 1429
8727 2695
1881 5513
4321 8594
1516 3106
3645 5817
1037 4660
7183 7799
1574 524
673 9580
5891 3783
9233 5630
816 6661
9847 8969
2800 6625
9810 2471
4726 1385
4274 5646
5228 5086
2261 5709
9249 7119
737 7412
2350 7257
3576 259
3452 277
2803 1028
7232 9012
6813 1019
1161 1135
394 6796
5963 7286
9966 1422
8128 9004
2980 7480
6643 4964
3172 1545
4939 3745
9102 9230
1555 3208
9178 6095
5261 3015
9582 2568
791 6330
2068 3344
8749 7526
4229 3296
8537 5062
2671 9792
1675 597
9863 4076
8861 9698
8335 1412
8109 6152
4767 3152
4933 3695
4937 6138
230 4690
726 7766
8345 2857
8045 6815
9449 9406
7430 5019
1241 1271
8458 8136
6555 7865
9539 4639
9239 2724
7741 2029
4364 9683
7919 250
3085 4227
3757 2357
39 1329
7137 3021
27 8268
2198 8261
2687 9784
7946 6497
594 8352
6540 9970
5685 7544
5991 9164
8707 6775
2886 9740
8348 2550
5396 4186
4448 5606
9694 270
4869 5624
1855 8945
5244 5118
9585 3630
272 6015
4627 3590
807 5629
4107 1920
6284 435
6907 1272
6282 7764
6384 3248
9386 8074
6772 8860
1738 8936
4905 5815
3906 1213
2323 5876
2547 6129
9497 945
7813 9259
9428 3032
2075 7140
1014 3433
2497 4031
4127 1782
6154 8310
8200 900
277 799
2036 4815
2382 5259
3257 750
2445 8555
6609 2839
295 7891
8658 8770
7788 3292
3674 6974
3896 8641
5902 4444
281 7526
7017 9264
586 1806
7595 4473
3097 8566
345 1452
6761 7196
9696 529
9559 5638
4687 3188
324 7645
9944 3098
4000 8457
4241 3894
6617 9051
6261 5124
3165 1123
4700 5506
1544 8404
7392 3501
3710 5603
8111 1411
3417 5176
4592 4134
2383 9188
1126 111
9509 6731
912 4864
6926 9671
7887 3179
919 550
7396 7751
9761 8963
6840 375
2239 8796
5367 3224
4658 7235
2728 1400
1130 6962
6566 3548
6725 276
3669 26
9811 1848
4319 4767
3218 8766
8884 2900
6201 5828
5869 1235
4873 294
2878 1365
3071 6270
362 4556
2980 4788
2461 1865
8541 5190
1903 4175
2925 3208
8223 5125
6540 4674
2218 7111
1672 223
137 1866
4521 7187
3361 4508
7928 5586
8431 3646
3559 6770
2129 8766
9581 6797
6563 2568
2920 3469
6647 6706
6085 6598
4539 5661
6348 9288
6093 7689
5273 8427
9534 5978
2264 7452
3905 5299
2597 4058
2689 4102
359 8229
4493 6298
7980 5873
8003 2228
3592 4708
6381 6136
1588 3046
6455 7008
6155 7849
5204 531
8674 1213
3365 3625
9498 5439
912 4237
5219 6379
3466 9946
5062 4106
901 1512
840 3339
8260 8892
8893 8350
6950 2869
2817 2020
4699 9272
864 5588
4831 9398
8264 4142
6383 3652
4825 147
4259 7811
258 2374
7548 9272
3571 8235
3887 5167
508 9760
8984 2133
5941 3185
8837 6037
9636 5711
6536 5482
1591 3180
943 5722
5259 4766
684 1935
4844 3777
3212 8576
6024 9936
8744 9426
1777 7076
1787 3037
5267 9286
6329 283
7973 9919
3672 2705
1943 3687
221 9905
9309 4415
8614 3282
2946 9116
7645 4270
5027 1499
9876 2721
3401 3203
5322 5249
7390 7272
8505 6513
88 7127
1676 2156
656 8588
6263 714
4482 6089
8697 8184
4127 2937
114 9412
7010 4461
5115 6349
3032 3502
8236 7602
4992 1645
2420 2641
8792 3626
5548 5236
6450 2891
286 8652
2834 6074
7694 1798
7832 2672
4909 9732
9865 4276
6100 3883
9497 8805
2736 7180
975 655
8730 4255
8034 1622
1270 6676
274 2849
9187 7942
2820 7398
9872 1149
2634 6432
7429 1968
5033 342
1797 9522
5251 560
3332 9445
606 1857
1246 7644
4220 689
3519 9304
9730 8289
4207 2998
6832 3134
9551 7597
382 6058
6302 8660
7745 8522
111 6905
6815 611
2193 1145
9050 9470
9831 751
5019 8940
2631 7144
9740 9087
9237 4363
4537 7736
564 3171
1075 5304
5309 9571
7967 9096
2392 3719
873 7926
6179 7645
5870 2171
5300 7472
9002 899
845 3939
9808 6130
5865 1874
4493 7797
3106 2347
8778 373
9944 3639
4868 1482
7396 638
1435 2185
2880 418
6025 1679
2380 9678
7097 3803
7539 974
6306 2256
3083 7143
9540 9077
5746 7892
7963 5867
8816 2978
9710 5916
4435 7021
9078 9545
122 5318
393 8194
9230 8521
7140 6233
7982 1374
3788 3283
6650 2610
9014 9571
3225 6556
5893 5829
9751 640
7686 1677
5226 2758
5850 9873
982 3973
3999 5074
526 1706
8439 4320
9156 9996
3714 5236
209 8259
769 6116
844 1957
80 9247
173 3140
487 5648
2733 5039
162 4061
2547 7752
430 4200
1847 6343
9026 6257
3232 3046
3140 1784
3498 7024
9533 1359
6152 5973
9834 7486
2581 237
6000 3754
8109 1480
9389 5348
7855 9022
6640 9848
7296 7447
5316 7285
4400 6703
6481 7488
3858 1408
8976 7638
2330 7301
9415 110
9587 8508
6701 6928
1779 8897
7076 4475
3271 4899
8354 9010
8913 1510
6298 6153
9085 6558
755 3200
3040 6822
6434 8428
9286 3288
5798 6002
5025 9362
8334 6166
6102 2736
9511 3243
6137 4177
6272 2011
1458 5819
2166 9377
8953 1819
3891 493
7656 4206
5505 3573
3135 4438
9766 4520
7307 3920
557 801
9379 9276
7018 1472
3130 5043
6550 252
9960 4726
7137 915
4402 5591
8859 7876
9470 2140
5341 147
4579 5274
8300 692
8589 3398
2952 7926
1962 1121
8735 5035
7375 298
753 1625
6919 8281
9088 6500
6627 6611
8415 6411
829 4143
7222 1024
1129 7289
3862 6338
2728 2485
2371 5090
4823 1160
3118 6516
9830 8253
5958 8028
3836 1889
3942 3915
3300 2195
7258 4149
208 9173
4045 1849
2139 6733
5336 3276
2085 1231
8642 6412
4571 4410
2524 1550
2398 6195
330 3532
7084 179
4153 9442
1523 1221
9306 5932
3489 5176
7309 6847
8760 1172
3504 6458
8016 4464
4831 7241
8263 1738
5811 7774
1993 7820
9912 3629
4985 6349
3531 6264
2937 3692
7378 2136
1670 6698
4665 3481
4086 2715
708 6821
4380 8685
1735 6101
531 396
3283 1408
8982 6683
8297 1775
6870 8706
1101 3765
2713 1208
1129 2020
2259 7065
4885 3507
3253 1792
7771 92
6820 5687
7487 5968
750 1808
4763 5638
3980 7583
1874 5801
1354 9828
6710 2367
9484 5452
4266 5651
7324 4627
4091 3987
7801 9029
7263 1960
5633 1884
6245 4657
9571 619
7552 7622
4156 1439
7394 8620
267 9238
67 6887
7699 6903
5614 2539
9250 2582
1501 3921
9694 5344
5340 2528
9 9135
2850 3504
1381 2655
7708 8264
6431 1338
2995 3317
2231 16
1283 4986
9057 2611
8975 2592
6252 5243
571 5230
5431 5799
7548 1486
4360 1400
5341 6749
2979 7501
2729 7853
6893 2072
9726 7155
1277 7213
4682 54
782 2993
4469 4389
2718 593
7444 4585
7398 6408
891 1360
6401 1919
1431 6992
7176 8812
6109 6166
9400 2520
9571 7219
5479 9658
4595 4696
3525 4815
6731 7194
272 4420
2069 7134
5418 3373
7821 974
3152 191
5088 8973
3382 3098
7675 9526
8889 6075
1954 7585
7213 6888
2213 937
1710 7979
9728 5256
634 3474
4806 1481
219 4294
1626 9853
5171 1127
4696 4919
6267 7413
7713 5111
4017 4253
9934 8829
277 2186
8896 2850
1554 6048
1056 2330
7763 1083
7166 7761
1471 6158
8417 6910
1603 6953
628 2632
9833 3841
4502 8172
9762 7644
1283 8223
9603 3138
2880 4819
3561 6929
5402 5104
9740 6480
11 6991
2737 9945
4807 7569
6451 3000
6469 8547
7658 6009
2834 4332
6017 49
2845 4166
8634 8388
7035 8935
8009 2512
1838 3528
7399 3583
7893 5111
5723 1022
1252 4763
1487 3613
2474 3473
5841 4161
6362 6874
9734 9504
6598 6133
1712 9873
4889 6107
4756 1443
1299 747
8552 3067
4429 3986
6735 2654
1419 5982
5961 3647
6592 4353
1916 3772
2084 5657
107 5444
8409 6984
1091 7422
5821 3468
5133 5322
5234 5058
1451 6878
3208 4176
5222 613
2138 9433
2053 6096
6455 3409
1002 4625
2282 9166
3835 9157
8638 5117
9068 4667
5121 7410
2600 5865
709 8961
9704 8540
5639 7488
6559 2126
3711 5536
6176 1389
2602 2878
3293 6380
8718 4298
1961 6767
5594 5908
3286 4437
4154 8011
2511 2623
1351 369
771 4989
5728 323
8775 9373
1627 2961
8078 1022
9430 2131
4121 4787
4669 4683
4561 6599
3688 1689
7528 7849
4447 9666
6186 3069
586 5520
6814 7639
3555 4260
333 1319
760 5218
9687 6802
4115 3371
5211 3976
6862 1054
9125 2083
5272 1883
5202 3283
380 9063
8501 9022
4348 8956
1841 5637
1747 831
219 1533
2434 2020
7766 7290
6617 2955
7928 3032
551 9789
4701 9975
4863 9210
8588 2692
6219 5948
9175 2232
4008 5276
7519 6976
1589 7789
1874 846
2799 3538
5438 7961
549 6606
5641 7339
7358 1681
9212 4843
4448 3957
2350 368
7597 4540
7504 5381
5859 7437
4609 5553
4874 2200
595 2684
5943 6797
3150 8250
9709 9483
8355 6484
9892 566
2902 8970
5913 2372
935 5060
3745 4542
9581 8406
1445 3097
5691 2908
7678 901
530 2354
9351 1467
7019 2091
3777 8113
6153 9452
3540 8108
4482 9408
246 2305
8432 9336
6210 6438
7331 1433
8783 1911
1758 9950
5967 5317
7299 3535
505 9775
7900 446
4990 4830
9004 2873
1682 6660
4046 6997
1382 7014
1804 1252
3472 5305
173 9749
4156 5069
4880 9323
6513 5487
2111 6298
2936 7254
2644 473
7636 3728
8833 6492
4570 7567
2847 6302
7412 396
2249 6430
902 588
4241 9183
7691 9205
4675 3077
638 8522
8809 1259
9514 970
7447 1593
3464 5495
8287 5143
2056 8130
6812 6815
9296 3505
1928 512
9905 5494
8026 6675
5197 2053
3947 8420
1427 7519
9864 5192
7489 4540
4847 2752
2464 81
7672 7142
9940 8033
6327 5681
9846 1825
3229 2440
9261 8927
273 6895
1890 2347
68 8084
4329 1567
597 7940
8844 3914
9246 4802
46 4437
5823 4115
3986 8378
2889 7782
7490 349
6778 4534
5320 9468
1203 556
76 4539
3671 6139
204 2027
5957 7255
6377 4548
5719 5088
7744 1813
3230 2009
8068 290
7384 6256
5806 1175
9123 3646
6637 9009
9470 1284
8937 2294
2664 8344
6071 82
6190 4261
4392 9250
2354 950
7342 3704
2409 3720
93 4119
791 9863
9777 3496
1635 2542
7523 7149
2457 5
6119 3525
8304 2837
6616 3747
9249 7361
3667 4897
2861 1137
3499 6553
8261 1235
883 3359
7156 5355
4155 8487
5080 2972
6914 8277
1011 8654
7127 4917
4810 2079
3914 8358
2369 5226
3529 8400
9292 6913
8566 4249
4323 5064
7150 8870
3541 3816
2786 7925
9531 8185
9963 2840
4787 7318
6107 6656
6126 2334
1861 7517
6889 4761
8707 6552
7614 6438
7726 9160
7335 9731
3807 9392
9263 7052
2945 2313
1216 4105
6522 3004
2757 4917
1479 8224
167 6051
7856 5941
7232 7756
9648 140
2200 4365
2420 4943
5656 7953
4624 2056
5578 5602
1192 3905
289 2680
2926 5165
7940 2997
2987 5025
5350 6806
6972 3691
8716 1873
1608 6736
1623 7071
9979 8451
4085 124
6081 634
380 8892
6433 5704
7872 9465
4488 4594
3562 1941
3226 2424
3962 5747
7165 1379
5444 4038
9777 3917
5200 7253
6665 4528
3759 6376
8746 6436
7670 1240
1038 1272
397 1370
3865 3073
8372 9907
9216 6188
8887 4826
4727 2652
696 9090
6822 1711
2673 4319
7774 7711
3498 8493
6871 9285
3290 3684
9338 4622
9725 7626
1524 1740
6781 3400
944 3842
870 4336
3205 1138
6692 5404
3640 6899
4244 8639
2420 6628
4587 8270
580 4573
9587 4371
9213 3974
5529 7808
8485 8757
1676 8569
2550 5154
1063 2512
1319 5499
3616 8878
1771 2494
2033 1013
2285 5555
556 148
8193 3594
3230 2078
4023 9232
9482 5024
2892 9480
5755 765
7170 5162
4951 8539
2024 1679
3368 4203
8073 5743
7058 9518
4883 2971
3903 3960
1020 7668
4853 5702
8840 8279
6841 2719
5446 6379
4922 924
6583 9673
4547 3480
1057 5074
3177 632
1406 883
9770 5405
3123 9304
3892 83
545 1445
3920 7089
8504 3378
6580 1966
5828 7444
1497 8964
9821 884
1829 6571
319 2480
6305 5512
9282 4722
7685 3498
859 8953
5783 9760
7531 1797
2531 8600
6015 2066
5603 3226
3431 4854
5538 1785
7037 2443
9480 985
5919 9249
3183 5188
569 7568
6189 5337
9316 1300
5194 7826
9607 2584
8132 6380
4056 6504
9566 8023
872 4691
4700 3893
1850 6200
7696 8003
4173 3001
9308 315
5401 4678
6710 8914
2900 278
2577 8052
425 6108
1280 5972
2052 3549
1649 3589
2475 7693
8134 8329
4604 936
8607 8952
2483 2678
8765 185
638 8157
8230 3586
7647 8833
1625 6852
7749 2397
6956 5298
929 4704
3472 7091
7574 9679
5824 5771
6758 1064
268 4120
4150 5156
3078 711
7001 6637
5696 5986
2318 7952
305 6652
4982 4470
1073 5810
1812 1969
8972 8039
1748 9477
6881 8982
6873 432
2504 4113
5447 5937
1204 9678
8098 9335
8788 4395
7270 9087
1919 6414
3759 817
6151 5656
8549 4132
8935 4454
4967 5710
7899 802
6052 2914
5850 6365
4661 1257
2454 2183
6580 6487
1485 3514
5064 9307
2603 6659
1022 5620
3453 7786
3996 2631
4689 5045
3965 8393
9352 3611
6028 3258
3820 3423
4654 340
4988 8036
7709 6701
5783 8834
4034 988
1875 5808
3307 1706
7884 6305
4144 9276
8948 772
5609 8157
5809 3897
2023 6321
5048 8834
2708 8302
79 1899
4332 6632
765 9736
1855 9628
7488 4852
9872 2244
7951 5417
9073 696
8637 1240
2907 5642
1722 5073
8416 7477
8732 8707
4636 7289
6714 1352
3532 2452
5273 2311
7672 473
8921 1605
4927 3218
518 5931
7121 6809
5896 1858
9483 1631
8203 1005
322 6685
2325 5972
9504 8907
5262 8382
7832 4447
6416 183
7800 746
160 9766
1943 3248
5320 6624
2211 1041
1095 2666
1314 8635
3596 5186
5246 1315
203 5023
4332 811
773 7076
5034 7239
6333 6663
5610 4220
701 3228
1241 4802
3595 5538
5150 862
8660 9499
3750 7027
2654 9370
8118 8564
2770 3871
3074 8286
1644 7619
1927 7278
6694 28
151 3349
8595 1388
7662 6040
6641 1622
4915 6452
7180 2459
1574 1814
3119 8619
8630 4988
3455 2160
1432 3982
6420 6074
2718 9637
10000 5826
4782 1091
207 855
3465 4727
6081 7996
8632 7987
4499 2018
5567 6325
5395 9566
2041 73
6962 7892
3576 2116
518 3922
7167 5922
670 961
4983 119
4714 8183
4815 6681
6223 3204
2092 699
5518 586
8183 7386
8023 1766
8375 1373
3559 1702
5922 4949
7422 7848
24 796
1343 2966
1475 6540
529 4564
5643 5946
5841 4031
204 975
4988 2178
6769 5962
5294 9511
3350 8940
2835 2639
72 9157
8224 9129
8009 9321
3477 7203
1079 785
6603 2538
4620 2692
9691 3683
6349 3452
2163 5904
6133 9060
4086 501
6497 4318
9097 9372
4034 3830
5305 4721
542 3769
6590 4021
7445 1574
9744 9263
3755 4344
6703 7484
5164 3635
4614 9656
7337 274
8846 6284
1118 9677
3516 9730
5279 7820
5763 8486
4547 4629
6213 8813
111 7680
1240 4960
1405 3724
2709 6125
4183 8024
4190 3439
2662 3037
5260 2970
1296 2410
8998 6700
1622 8394
2014 6920
9987 7719
8445 427
8051 7048
3936 3139
7457 6511
702 1118
4953 4056
360 3360
6641 7228
7859 3893
3058 4772
7202 3396
373 4885
6068 6984
1742 343
5838 9006
8937 2214
8823 1483
7359 1034
2460 1070
641 4837
6386 3221
4953 2306
2346 6269
8147 566
3707 2342
1380 2872
1459 5725
3904 615
5977 9774
2990 5049
6353 3312
5544 5160
7131 6211
4927 7263
7571 4158
5522 5570
9147 5983
1176 5667
1642 2013
499 9
7372 8101
1085 4000
1514 3377
3368 3741
6971 3246
7945 5282
9213 9538
4448 3233
5550 6430
8891 5112
234 1654
1059 5793
604 1817
5310 5366
49 6879
6774 6325
6072 3175
2723 8106
111 7685
4141 2251
7534 6465
6179 6633
8552 1800
8030 6918
2671 836
634 8443
2347 7848
4496 6068
8131 7054
870 1042
3275 8403
5716 3894
662 7422
1109 2954
1191 8805
3199 6327
9329 9947
9769 8268
6453 947
8934 2671
2540 9493
5996 8143
2909 5
1287 8117
8823 356
8065 2351
4735 5550
933 3442
7496 4246
5533 7577
8288 2039
1617 1064
8094 6666
8825 2927
6445 5377
292 7726
5535 7041
748 7549
9076 6194
9408 2281
9253 3168
9933 1077
1988 7932
4538 4485
7099 9506
1002 1375
3175 85
9574 8941
6504 6210
4582 4146
2242 1503
163 6494
1832 1749
1407 4253
8877 3198
2623 9819
219 1023
6038 6810
8961 1589
1205 3445
4203 3208
7067 1174
6785 3706
5082 9781
5756 5940
6783 2412
3967 5240
2713 9037
7102 334
7054 8698
8578 4764
4975 8193
1665 4781
9967 6963
5313 734
8477 3275
805 7513
519 1001
9259 8875
4307 551
8920 2487
783 5766
7770 9933
3965 7212
8202 9872
7148 5227
9631 4206
5101 1295
9365 5534
3349 2001
2341 7441
331 8101
9755 7974
4539 5689
4624 2079
4909 217
939 513
9153 5079
1866 805
8294 9948
3009 9613
7532 6210
6272 1424
341 5552
6692 6172
5244 3483
6521 1401
846 4166
2511 6451
5544 3483
9547 6437
9587 3946
6173 453
7770 1896
7138 1861
4450 9835
1411 1814
9527 6354
7780 7070
6788 694
1771 7101
6376 9583
2353 7116
4333 4457
7992 7050
5174 6759
9177 7912
282 2803
2850 9988
5748 8449
7777 5981
5341 2121
1439 1353
20 9505
2787 85
4654 423
8369 8203
4588 4369
6816 8672
9000 3404
7543 3252
8649 5022
9030 3196
3841 7040
604 1780
4561 9088
7739 8199
7567 4747
2737 4582
3127 6375
4644 7465
1948 4714
2039 6528
5614 6942
1182 5091
9060 5943
6449 1549
962 2426
2221 7349
7703 9823
8532 8714
8492 9723
4618 1920
7633 7653
4308 8106
7873 3062
643 993
9018 8855
4019 1320
1952 6275
2277 1970
9173 4616
9589 80
3380 1732
7212 3596
2179 5139
3083 8891
9742 8828
1398 9083
9431 2181
1933 4575
3902 5008
8822 9243
1461 7776
7039 6304
6907 587
795 5135
682 2868
4266 4168
4356 369
8860 2868
8766 9665
4370 5930
8705 8098
2 3762
7799 1598
7104 2437
2479 67
7844 7851
2237 4194
6570 1050
8649 453
5234 6066
2751 7420
614 97
9493 6613
322 845
7010 6368
3107 7758
6837 8225
7379 2843
93 567
3439 4882
6674 2696
5001 9872
5538 5069
5692 9065
273 6348
5720 745
2745 2791
5474 88
31 5131
7315 8394
3985 4832
5889 4694
8711 3191
6953 1046
764 4215
7668 3830
152 2126
4923 2447
9580 4079
7011 565
6567 4549
2286 5878
1488 8477
4663 1041
4002 9075
6143 6671
496 1846
1424 58
1506 5327
7855 7331
4099 6147
4719 5909
9684 2679
968 4815
8125 3178
5530 7789
3116 9573
4559 971
3312 1484
3657 5649
3003 2219
8617 4090
3269 1112
6841 8893
3872 4082
6368 2430
5637 3161
2990 709
5710 190
8201 2818
6296 5793
7665 5651
2334 8357
8538 2692
9049 4726
9571 4137
3775 7016
3799 2522
4397 7190
1985 5207
2510 9398
5978 244
6051 3146
8673 6451
4296 2260
1485 7967
6729 4544
6397 5712
6045 5694
6389 915
3290 7632
3842 5544
4575 2030
3330 5268
8273 1209
8189 5137
2823 7936
8057 8632
3998 93
8060 7188
360 2760
673 872
1620 6382
8928 1478
4345 3234
3069 428
6834 7704
7315 83
6818 3013
323 6430
8820 7403
7749 6853
6490 8089
337 4620
5424 9021
7219 5018
6797 5720
5650 2501
7557 804
9063 5638
9848 7196
2483 4878
7172 8586
9248 4404
3485 6546
7080 4543
1020 3927
5732 3979
3258 5726
2347 155
3269 8099
850 6510
4311 3925
9655 1451
8520 1605
2827 5422
9374 1626
5981 9957
359 1217
6261 2740
2159 731
4766 2287
3060 7287
7572 4947
8800 5581
8308 1185
3728 4374
9092 7447
9469 792
4250 2201
2439 6570
4195 4314
5978 1201
3808 271
5129 3415
5268 2363
1536 435
5163 3646
4990 1352
2439 5116
1410 3856
6967 9823
653 5447
4263 2538
3444 5718
590 6262
6490 1527
2698 2420
9365 4171
8666 6481
3275 671
5809 3794
783 7235
3264 9975
3295 2622
589 998
5358 447
8185 6904
2027 6884
6722 9376
99 4102
9739 4939
2180 5477
7573 5153
8514 8969
2654 3201
7303 1341
2427 3513
5557 2831
3087 9513
5964 4970
3275 4825
162 7938
3504 8108
6785 379
2205 8177
6871 800
1293 3055
5109 10
5956 3039
8716 9121
2185 8837
2740 1111
8870 1113
6485 3502
8940 4595
2533 2261
9362 6754
9345 7437
5909 5422
3667 5111
8472 4866
822 8597
5491 3274
8611 2261
3078 5951
6995 1028
2024 4966
5899 1504
8258 7900
1644 1469
2160 5245
4598 1280
936 4026
3203 9253
4978 2010
6041 3505
5637 7629
5587 4555
6779 1178
1018 4220
856 3970
5867 3392
6 2157
4643 875
325 9829
3495 3769
4364 4578
5000 3476
4762 519
8246 1817
8567 9217
5668 7237
5258 867
2017 9440
1715 5329
6069 9180
8046 3641
7008 254
7018 326
9366 7621
9483 2042
670 4400
7944 2927
8149 9040
7782 6629
8398 8912
8937 4053
3666 9710
6574 4033
3512 9331
6347 8382
6382 3539
6193 4892
9614 2236
29 2310
7572 259
2170 7949
5408 8425
9735 9202
8829 1056
2422 3137
7869 4097
5214 151
7117 8151
5425 5016
4732 3127
5711 9449
5004 6155
2552 7855
1716 1951
5236 1041
6046 3773
8150 2441
6697 1932
1533 7973
8929 7611
4071 5109
8466 6953
4733 2054
103 8535
3248 4145
4893 2211
1920 4977
7721 4128
3141 2065
3676 8284
9178 1485
5011 2069
4171 2481
9908 3191
8292 7382
8319 2980
9253 3041
1753 2221
3178 2855
609 2312
3740 9916
3516 5824
9920 724
7237 2289
6491 5518
9245 2099
6910 5027
7152 9444
9657 8802
4612 1397
8592 695
6514 734
8036 4364
9979 815
5921 3327
3427 2544
8210 9610
3658 4753
5518 35
5735 6975
9817 8156
4347 1224
2009 7150
1708 2379
8330 3606
7824 5248
8747 4810
2704 4938
3407 8579
5653 8483
6631 6401
8525 7145
700 786
3511 9828
6954 3373
3601 77
1695 7472
7810 2882
9857 962
7162 5738
8157 6285
166 9307
6304 9501
4114 8743
3505 629
9563 2682
7550 3706
5498 2860
7928 8091
4322 4540
4339 263
9853 2757
313 1387
8144 8214
6704 331
2148 7888
6982 5279
1245 4357
9512 2335
8138 5428
752 2884
5534 8870
8759 9383
9564 5071
427 6803
5185 3253
862 3277
7432 802
4714 488
1320 7156
5425 8654
8894 8355
7053 6649
5922 4319
4851 2245
2606 906
7155 1588
922 3638
7458 7115
7681 5871
2476 4906
9676 1777
4835 5736
86 3443
6474 9225
2543 5423
1490 4928
8021 3626
2451 9845
2174 5739
9493 4831
2498 8649
868 3699
9921 9019
6489 3058
4233 2847
7461 8697
1629 7601
4009 9184
2271 4964
5098 8602
7230 7784
3725 8304
8538 7441
1997 5747
2907 1090
7922 3451
9327 2264
9491 108
7033 1177
4444 3172
7928 4580
4260 7699
9959 4504
4909 9108
9601 9387
1560 3780
2437 9820
4056 842
5870 4810
5926 5955
5777 1423
4567 5775
5507 2740
6820 7233
3772 9336
5381 4436
8885 4814
6782 6293
788 3508
1699 2954
8219 81
5551 8799
5306 7506
6143 247
6398 2305
1519 6815
2843 5181
9355 6148
1442 6468
5383 3244
6600 9368
1771 1080
6455 4155
7664 6958
6074 7055
1398 8311
9817 9682
1260 4749
2173 5046
9941 4177
7133 6412
6845 3300
341 6006
7509 5117
4597 1184
142 6991
7917 2887
5442 9798
8566 4132
6285 6853
6499 4432
2623 2582
70 992
2461 4959
1871 9408
4192 526
9862 5537
5504 8591
3616 4850
2752 7184
2348 8007
8059 5120
9139 7544
6066 4628
2336 343
2813 7944
1493 3133
4270 5788
5730 6938
1090 1481
2047 9595
6339 6668
2374 6294
8504 8327
1033 143
2555 6073
7059 444
5100 2406
5824 2360
663 5605
119 7178
4380 6932
8783 9435
9792 3750
7586 4122
2150 6670
953 9654
5781 5321
3731 3275
6659 1986
6088 9618
4980 7214
9540 1597
7033 7638
4234 5551
2156 1806
1911 5266
2108 8473
6450 3979
2395 6707
7439 6105
8600 8908
9839 6935
6102 6168
1577 4064
2643 7191
4990 3573
6737 8690
2725 6051
2829 7138
9299 7732
9782 4022
7055 7107
6368 3574
9279 2152
1310 5185
6663 8175
2109 3382
9622 2963
7870 2165
7868 6438
6030 1690
2670 8802
4481 9181
5889 4781
7731 3242
5744 7229
6228 7031
3354 7717
5735 2564
3856 1098
3776 1215
6576 442
7057 6119
5645 7651
3632 8736
5692 3245
8210 9358
7656 492
8431 6450
8683 703
8504 4612
1592 2228
8436 6631
9434 5897
2898 39
3478 8581
2747 315
3652 8547
9543 6081
4150 4185
6323 1506
1848 2813
9770 7636
4290 9212
1141 1854
1225 3826
1975 7261
8344 7640
5109 1951
1902 1435
7997 3259
1356 4739
9171 4499
6189 2198
4578 7120
7067 9464
368 7652
4463 1422
1497 1740
1553 7071
1398 3408
137 6985
5461 2369
3913 9032
8129 3393
8730 5574
5989 1806
1073 7220
7553 5261
7047 1613
174 8934
198 8715
6709 3330
1195 6538
3881 3059
5953 2898
3610 2243
315 9434
6113 4963
2034 9353
8764 4123
3460 8195
3170 1577
2569 4219
6650 2488
9342 1767
3337 4256
3952 5638
8296 9589
5849 327
3934 1423
7256 4690
6854 4994
1559 4311
9777 1476
8259 965
7781 8212
6604 5399
5116 2941
1701 6430
5840 1634
4328 5243
2201 2890
8415 9802
346 5425
294 594
5509 7786
1513 9569
7004 8855
1974 7991
6680 7579
3878 6378
1925 5359
7756 6467
9199 5200
5523 865
6613 3034
3326 4359
5500 9586
3449 2915
1956 5357
6887 847
243 6166
8534 24
5547 268
3933 4192
8678 1737
6319 2736
7862 4139
4435 6095
2843 876
6196 5289
1397 4062
1010 7393
427 9808
3612 921
4510 1942
3568 2756
2038 2277
2309 7037
3075 424
4620 5766
3215 1170
1558 4698
2523 5186
9094 4078
2847 577
1985 202
6352 2260
240 6873
5581 3104
9985 4862
2734 5799
6439 6486
9246 6889
9859 3782
6842 2792
6935 7914
7028 9752
7743 9782
5027 776
446 1572
368 8593
4741 6849
1244 1371
3615 8606
1510 9682
9882 2862
9985 8928
6846 9234
212 3796
521 2065
6154 5123
2584 3412
1772 7136
1420 7420
1894 8100
794 8950
6561 2029
1113 5415
6472 7348
9003 8153
3777 256
6079 4808
7877 2968
9754 5309
8447 1984
520 8177
1570 9239
9331 2690
6199 6918
1814 2672
3024 8213
8203 1670
2481 976
2978 7886
9903 6183
28 3799
6577 2832
7441 1054
657 3465
8825 1814
9135 6330
5346 2560
4168 8920
439 8104
4624 7413
8808 6292
3521 2323
7033 5252
9586 1489
9923 2569
6326 5807
6830 3892
1513 5226
9789 9406
4325 9942
5821 5829
5414 9922
397 33
8635 3970
63 9702
8742 5096
2057 4487
9091 9333
7924 8060
3004 7147
162 5899
4892 8785
7697 5200
2783 4059
5889 5763
9225 8948
2993 4348
8122 9838
9295 721
7238 9480
8318 6733
7370 1453
8215 7220
8706 217
8350 6377
671 9942
4985 2271
1046 1113
6009 4541
3682 2950
6198 4803
7260 8130
5753 7364
454 3225
3630 4869
3131 3126
3296 9295
7152 9343
1633 3938
3371 8764
4957 2571
6623 5134
3382 4201
5857 2740
5921 7517
5463 9573
6050 2918
3842 5855
3319 4917
3560 5113
1185 285
8165 2553
1402 8539
3044 5358
1155 4548
217 6037
7536 2908
9994 231
1460 5714
41 1924
6555 1405
3179 9941
1814 3318
2379 4663
2458 2683
6627 2291
1081 7028
6148 4696
1609 9619
2418 8370
2308 1603
641 7468
5910 6663
4951 4018
9396 1658
682 9350
115 6141
5199 6079
299 1436
6831 5644
2566 7692
716 9225
7276 528
992 9640
9649 1643
9567 8264
2242 718
1944 950
4846 6738
972 5630
4028 7465
595 9169
3710 7052
5324 4935
2696 8003
1115 5189
8982 4775
6194 8115
5859 7014
611 9938
3625 4566
5978 6987
868 3112
6860 2422
7874 1784
8056 9351
8609 3267
2814 9667
2881 6022
6610 1655
647 4122
3528 7827
5731 2471
7926 8165
5087 2962
4547 2365
8213 3515
9302 8196
8013 2803
1078 8095
6520 314
7227 2035
4691 6323
4787 9629
4761 3030
1517 9417
251 1673
1152 9969
6149 2262
1697 7025
7871 2624
3174 6830
3413 4869
2645 1681
5107 7191
8266 878
1449 8450
1396 6833
5422 5313
3701 1251
8431 636
3949 2516
405 1798
8094 2848
4559 2423
1153 939
2772 2621
5267 9096
5675 8261
3014 7333
2250 111
9783 1239
111 9255
5528 6032
9973 8950
4511 2888
5562 64
3449 9030
1836 604
9024 5467
7147 4420
4386 6168
3221 3989
1988 1503
7172 3890
6349 5227
797 6328
7274 4642
5331 8835
3787 6586
1488 8429
9600 1093
8717 1718
6880 2157
918 9139
8746 3618
2670 1804
4120 3789
5539 5325
9909 3271
7903 1366
5836 959
8235 5319
1048 253
1094 873
359 496
963 9090
8812 5279
1629 3656
2048 906
7959 6858
4518 1194
8913 8487
3554 4122
4022 2616
1801 4230
1005 2754
8337 197
7855 9813
1306 4037
3938 6094
6635 6476
2104 2412
2621 2479
9016 6891
9800 1097
4408 9256
8428 9450
1466 9842
4434 3991
650 2478
445 8775
9578 795
3853 8431
7797 137
5893 9560
4518 3068
1964 9284
1706 7023
1984 3560
9124 9546
1107 8401
5580 5147
9796 3158
8041 3040
2219 4139
4259 2955
6958 2433
2527 5363
211 4219
9644 4457
1989 9308
5545 8851
6119 352
9624 6359
7716 8177
1221 1409
7459 987
4497 7986
6926 2656
462 7498
8058 1017
6497 8581
1408 2782
643 1244
4838 476
4412 8606
6960 8974
7593 6978
8115 3509
169 3849
8564 3229
6684 1894
5172 4529
9191 6789
2146 6167
5808 4832
6488 9876
4585 8607
1717 3932
2396 7381
850 2795
5555 137
223 7375
9661 862
6228 2599
7296 4476
6641 5984
5135 9021
7474 128
2178 2841
8320 6798
3083 7684
3289 4012
1346 766
8873 2086
2080 3793
5804 3329
1126 3060
302 9759
5407 4508
4093 2531
5648 8389
2766 2349
8564 7262
9575 5682
512 1959
3275 2445
3712 7493
4757 8606
8638 3217
6653 9096
8422 8693
1145 7273
5593 5576
8131 5305
3537 9949
3870 5062
9313 611
9836 3521
546 3500
6681 4863
839 5706
2325 3331
9609 4949
8050 9626
4706 3961
267 4720
4719 5136
5296 2251
9660 1458
5423 1864
9328 2975
6155 453
1968 2323
8560 3091
6424 2917
9463 6408
7808 8977
704 6256
8894 5793
9567 4374
9779 1060
4953 6914
7526 984
9727 3945
2507 9081
5825 1277
2232 2591
7993 3554
9795 7302
1055 9052
9068 5849
5529 1115
3277 9498
6065 5459
1302 9329
4941 4018
2832 756
7314 4871
4650 8614
7025 1722
7367 6950
9718 2242
5952 4394
1806 1114
3506 7489
5325 2667
5457 6791
8235 8854
8363 3895
1115 4827
464 175
6448 2519
9459 2080
5399 7038
1371 8043
9503 1131
4867 7351
9794 6531
8649 1282
8864 3082
7285 182
1102 2100
4756 4304
7012 6344
2029 2194
8884 4855
3042 1896
6797 9164
6438 4753
4282 8870
7705 2126
8342 7522
1634 2352
9210 4208
1415 2886
6027 6541
3963 8216
7307 7163
2596 5637
932 7263
4532 486
8738 4598
4807 9804
5335 3698
13 9400
1400 3215
154 4802
2301 4032
1120 9802
6370 1876
6802 1951
551 8038
9559 8573
7276 6243
9350 5335
7464 159
1768 650
2854 909
8521 446
2203 7813
8634 1892
1612 1015
6349 5992
7924 2084
148 2434
3746 5201
7866 3807
8581 2921
1946 5609
43 3957
8186 2032
789 8250
4473 879
5038 5157
5649 7348
2644 2420
2854 828
6548 8784
4130 5154
4255 7421
4267 8002
2635 8401
6596 9966
1809 2529
2896 7475
4923 9174
5167 1879
5474 1088
8012 4058
6851 4044
9711 265
5877 8351
7999 3883
1068 557
8793 3200
1103 4395
5342 8092
4867 8011
8214 5198
8690 7992
8909 9225
4541 2007
9220 5286
1337 2034
8620 8118
6083 4162
3382 4793
4897 1090
2381 7213
6593 809
9123 7674
4335 5711
6359 5990
3728 3791
9049 2685
6334 4156
1613 1593
6539 7648
4470 4511
482 5657
3124 5866
259 8161
5439 1855
100 7531
3467 3005
9224 2331
97 8808
3946 6812
3221 1464
1553 1064
8089 9549
176 4270
3710 2216
1360 2545
4382 4905
737 5198
6454 9800
4903 8087
5754 1770
2264 6231
4110 3888
976 5566
9679 3267
9743 3421
5227 9686
1773 9888
6349 8967
6383 8094
7368 5380
5540 8572
5987 6894
1454 2184
3118 5845
310 8049
7627 6607
6331 8273
3525 132
4369 108
2990 5630
9186 6846
7946 4767
8838 563
3678 5807
8273 4387
3923 7281
9257 7177
5471 7599
9160 7863
3838 8393
7260 1946
3684 1800
415 5200
8913 5056
7322 8897
1128 7617
166 2687
6928 7032
9656 1383
4511 3911
20 9339
5248 383
3586 5432
996 1802
7563 9189
920 120
9322 4420
8603 2586
3067 7456
9546 2262
8069 1142
9778 3944
636 2872
9211 505
9549 4342
7466 375
8106 8285
9050 7827
8597 6560
9233 372
6619 9492
5281 2334
79 2857
4736 6493
4998 2675
8911 4077
6209 2194
9898 5420
1411 9954
4984 5957
8796 1495
2903 6802
1413 8759
8046 3646
9033 112
9139 8773
5383 6204
3 627
9372 8391
5229 9998
5000 2122
9359 6333
8947 8196
1324 3740
2296 5258
3337 2830
4133 9940
3069 871
1395 7822
9221 5900
1756 7451
8432 4717
4203 6458
5695 4167
6652 6539
6428 7975
6741 89
1900 4713
4118 3129
9300 4663
2851 9143
4652 719
7488 7219
9349 1287
4638 9060
1345 7825
1653 3815
6349 7648
950 866
867 6773
7897 8426
2006 7317
6711 91
7156 6702
7765 6956
2203 3612
9089 4419
43 1379
6361 2648
2576 3920
3564 6642
8551 4479
5204 7161
8658 1710
8842 7373
1532 5849
1544 645
5734 5757
2216 7168
147 743
5812 2035
9117 6458
9246 773
973 8429
2707 9792
7293 7402
4246 3671
2536 4949
9539 9239
3415 4456
3861 9078
4988 5283
7030 27
882 6406
4145 5141
6048 1221
1583 8670
1974 7645
9217 5300
8582 3369
1048 6361
8985 2692
5500 6004
4275 4941
6479 6548
3824 4032
6522 3529
669 2579
5391 329
4115 8563
5461 7750
6633 6879
3569 4800
207 6398
2123 807
2962 433
7901 2181
9812 5087
877 7047
4876 5115
6207 9126
8080 2582
4439 840
6446 2061
695 7475
6955 1075
7284 4339
1837 3408
7916 1441
8320 6984
9214 5690
5047 7621
9507 212
3489 9135
1812 7211
2766 6030
2084 4519
2002 496
8152 3015
3619 3744
325 1546
9022 3627
669 207
4213 7077
8575 8177
1472 8971
5214 6205
7285 5895
7017 8803
3175 8804
7200 6161
1140 7019
7662 9363
1310 9808
9017 3209
5094 6441
4045 2450
3130 4723
7333 3953
5071 6539
2038 7166
2532 8025
715 2243
5633 4841
4812 7410
4150 1434
5039 5192
9689 9076
3182 7795
886 6977
5698 8331
4114 4786
6588 2401
1598 527
656 9274
7304 1276
9329 472
9423 3804
6677 6952
1752 7678
6426 1335
8817 4371
92 4415
7857 6818
276 4025
9137 3677
2818 281
7249 5284
2876 8737
3295 6959
4803 3981
4381 9965
1232 9085
9207 504
265 8198
1028 7195
3231 4839
7662 396
7764 4
5935 7050
2244 5570
6400 3800
3451 6112
87 7040
3374 7757
5817 9256
4984 8939
141 4102
3112 8908
922 6057
5928 6971
2626 1788
378 4693
4422 5448
9992 2997
1744 4482
3278 2735
4540 5924
121 4198
4978 5288
3921 6152
6658 5560
4754 6094
615 4289
172 4874
1530 6083
5010 9710
3154 3016
9361 6212
7618 6389
493 1982
167 2331
3240 6744
2313 8520
671 3807
8656 9985
2355 43
2363 413
3195 8905
1410 2064
6189 3178
4548 7425
620 558
8191 7082
6082 1079
7450 4699
9820 268
2318 7798
9575 8477
1343 3387
2225 713
4096 8069
9015 6125
391 4045
303 7337
4261 4963
3552 5670
7132 3859
6455 3842
8321 3729
5649 6474
3474 3223
7422 5379
8568 3607
3728 5940
9061 9203
4142 7466
8871 4772
6252 4548
5613 6013
7836 5223
1100 4331
4349 3483
1211 8256
7730 464
2019 7030
7776 6356
8806 5732
1865 1434
1820 6220
7323 7659
9089 595
5143 8756
3738 1220
5612 3661
4675 4949
1605 9942
7882 269
7328 3323
8594 7627
9017 1410
3950 5944
5256 7439
6842 116
7676 4297
1010 2088
132 2457
6242 421
6436 9636
4446 460
7581 7793
5220 4468
4146 9460
7323 7293
1419 1303
4965 9639
6007 8536
8121 1950
3882 93
7618 6646
5947 7077
6024 9469
1538 6690
4756 1423
1440 9321
8217 3998
442 4704
6394 8857
9661 2635
7625 269
8845 9666
7931 6925
4130 42
4300 2526
7524 8778
6286 4149
7233 7847
751 2861
3812 9005
8789 372
7087 371
8098 2511
1517 4005
6365 9664
52 256
6469 8926
4384 5499
5393 4414
8384 7215
1015 6129
8283 353
1445 2991
6130 7872
2037 8584
8519 1139
6585 6878
6609 5161
2043 8392
4781 7869
7106 4426
3596 1737
2413 7487
9973 6000
7959 5221
180 8212
8795 5495
1650 8419
6979 4372
5953 8383
227 3747
7307 7377
6593 31
76 4422
447 4875
4411 2590
9304 7270
7049 7185
8448 949
2706 2915
1568 4590
9817 6802
1856 5905
391 9477
8596 5143
3524 1311
4053 9859
540 4771
2741 808
479 2140
1003 109
9722 5130
4328 8548
9875 5790
8551 9676
6723 3528
2470 685
4883 389
6399 7489
5546 2393
321 554
744 5385
5217 1666
7954 1772
3756 5360
7499 7863
6312 481
6324 8335
384 8330
9591 7464
7784 78
5687 2619
1600 1948
6763 3565
2342 3175
6809 3397
8605 9928
9426 9299
2777 8349
2591 2096
543 8322
3907 4270
1985 3891
6734 1370
3451 1089
6349 9754
4205 7109
2799 4763
2476 4978
4283 8989
9280 8774
8826 1798
9139 2793
4322 8714
1239 2812
1607 5651
7637 573
9399 2192
5999 6904
497 8041
4012 4567
5020 9491
2500 6640
2384 5797
2046 3244
6391 58
6287 1857
7529 2250
3221 7387
7530 4528
1055 7418
2816 108
9362 9246
1410 5892
4728 9559
433 8801
5917 9792
9962 6363
5601 1908
8827 792
688 7326
6785 1620
5412 8006
4676 688
7717 6958
2647 457
7695 2245
4657 9598
2519 2556
5449 770
3380 5898
6001 4415
7649 9995
76 4537
5289 4015
5135 964
9982 6023
1896 3128
3253 9801
1890 8301
6328 6297
2168 8088
3182 4761
4495 5722
2994 3680
794 5176
8769 7129
700 7380
3583 4089
4879 6931
2331 8411
8404 6832
9473 9384
5365 6587
3622 5937
4359 3372
1237 4592
6429 866
686 4369
8810 1743
8181 988
1513 970
831 1231
3300 2636
1427 4189
1216 2488
5893 3156
64 8013
9601 995
793 9821
3683 190
616 7385
530 4686
653 6598
3984 3450
437 1825
6009 9811
4600 3192
5158 9804
5514 5457
598 9286
5178 4884
1704 5786
1001 7083
4693 6680
1690 3392
3466 8847
3919 4920
9384 6104
9354 5797
3173 6346
9805 5444
7232 7585
8094 760
8587 3471
5805 4190
8103 1200
5617 539
6257 2223
6050 2770
8267 2380
7957 457
1575 4771
782 4498
929 5742
5696 7550
6308 9423
882 3052
8051 9085
1650 5645
8122 9195
6141 3705
4982 2158
3993 2679
8180 3542
4047 8374
92 1388
2163 9719
6729 1259
304 9632
9342 5489
7366 53
5437 565
1212 4438
8396 1003
8284 8544
2540 9774
8028 4768
206 6983
6220 1626
1042 1105
4807 3209
2594 240
1293 561
5697 4411
6365 8528
7329 3314
655 2167
4728 8128
8630 2227
2824 4680
7553 9208
3289 2270
5843 7801
645 9405
5809 3360
2506 2086
9326 3262
2914 9216
7766 1175
1446 5190
8448 7736
3059 2164
800 182
9976 7206
1788 2193
1883 3199
7616 5930
4156 8448
6308 8008
3306 7778
6550 4060
7809 2009
1430 9728
8895 6431
9117 4076
8062 8102
7389 1070
6121 6993
9638 352
9253 5185
4565 2215
4277 950
5253 7676
5217 3707
671 3997
5055 8352
7908 723
8613 3952
3383 1162
6936 1531
4139 3060
8766 6950
8901 6056
4791 2417
2353 6566
6306 5330
2605 5047
3370 6340
68 4583
8120 8663
6687 2767
5580 2133
739 6053
6812 7531
5942 4196
3943 5425
8392 8496
1518 8202
7144 6377
4853 975
2425 7977
1186 8420
333 5458
9772 7449
8711 5619
4386 1731
2788 6987
9986 910
6671 202
3734 8176
4762 7830
5041 5289
8888 6071
537 9483
1018 5991
8539 8917
1877 6295
2372 4223
6733 5972
5759 2666
2197 5431
7568 1504
3748 6099
9942 2223
7517 5297
5735 4979
9183 1103
9562 9620
8081 5355
7878 2286
6046 2697
513 4271
95 8602
6017 41
6823 6916
1806 767
7293 3548
437 8887
9459 2803
2986 3030
7728 6741
9930 6147
2232 9162
2708 9042
8765 8079
3146 518
7806 7399
5729 9769
2777 7619
973 8396
4456 3659
3609 8154
563 3753
9055 36
6403 5532
4681 7962
1122 4013
7672 6341
5110 6230
366 6669
5364 6000
7076 7569
8444 6851
2659 3984
6689 6172
4804 3176
1542 9749
1670 5929
8282 525
5598 8417
6362 6808
8843 8263
8677 518
138 7949
3413 3572
2445 9244
3464 6898
3130 1082
1459 9470
7694 5585
3175 680
2120 5486
2590 5429
8913 5170
3747 6659
9116 409
1009 4932
7621 1280
5775 1768
7162 6085
4684 9966
9012 8175
2425 2813
9431 4195
351 6725
7764 9706
5444 4517
6526 1006
9917 6345
3896 4054
2164 888
6574 4473
8383 8051
7065 9461
9152 7968
1596 3821
3254 5625
5641 6927
5996 5869
8437 6935
6305 6133
1420 4241
8552 51
478 3302
1623 545
1130 3815
8142 8434
7833 8737
9328 7998
9119 1521
5641 1370
6229 6665
7267 3985
4387 2669
5332 6188
3934 2159
3332 5781
3718 8738
8268 8417
4110 4003
1279 6129
3348 730
7433 8908
9387 5437
4935 7221
24 9834
4256 1354
2123 2718
2512 446
8244 2248
981 7666
6616 431
8122 4399
5300 7984
7050 6856
584 5568
6961 3313
510 6803
6568 6217
6696 1176
8102 2723
7701 9179
4291 5188
9866 4415
8595 6560
6638 4951
3415 871
60 1667
5326 6541
5211 5022
7763 9170
3454 5201
9627 7372
6533 2763
115 8438
4835 6746
1497 4439
6973 8765
4764 2461
7386 5715
7416 3696
8716 6787
9343 7396
5943 5494
3537 6894
8185 5362
7824 3412
2319 8241
2819 7419
2976 9739
1954 3713
7735 5681
6992 2741
9824 992
6631 6617
8527 5407
7051 7574
7811 9107
5378 9321
2056 9536
4808 9647
3316 5979
1619 1130
4091 2019
5622 7299
3245 9238
5685 3945
6300 5844
6274 1853
4189 7035
3292 3446
4975 2857
9782 4793
9153 1251
1569 7113
2046 7282
3467 9846
5321 7461
6380 112
5992 470
5678 8397
4854 350
3905 3210
9913 84
6535 1889
8187 789
321 8563
5199 3544
3500 5284
650 7011
7282 6448
4685 8738
5934 7019
1859 9894
2107 2761
1138 6670
7536 5399
4298 1961
5660 137
3532 6618
1007 2020
6533 5871
2119 5030
5672 6598
2159 7405
7459 8134
7142 1912
1953 9351
5897 4625
1397 4782
1887 9205
7898 8234
2225 1216
1704 10000
4081 429
4179 2217
399 9499
8879 3789
6183 9533
563 3989
2839 8034
2152 485
5718 3138
2095 1877
5425 3312
8066 7035
8369 8139
6164 9054
7909 2803
8296 6328
8476 6383
7735 9897
5539 2229
3017 830
9442 6376
5233 1741
5112 9899
5314 7681
5963 5174
8879 5305
1265 945
9059 405
1614 2764
1879 6292
572 6794
8890 8366
7644 6434
2646 5820
4088 4129
770 4112
6352 8073
9175 3623
8380 6658
4447 4473
8993 7963
392 1388
7484 3836
2180 6172
8804 7933
7068 3093
4638 3972
1515 3231
1544 3786
8550 5348
8778 5606
1189 1185
669 5736
5839 2728
2668 393
4972 4987
8910 4829
5041 2644
8429 1802
817 4279
1970 1912
8014 2620
9381 1202
5950 3036
465 8562
8687 9469
4075 1922
5295 1106
572 834
9877 4310
6439 326
3534 2209
1976 8527
9037 8951
2021 7207
7367 6853
4378 4607
9361 9513
5729 2773
357 6424
1898 7836
8499 2017
6565 261
3396 5490
7786 3105
8442 1332
76 8822
4609 458
8033 5262
3990 3477
1183 1876
7663 9513
3851 1625
8112 4571
5032 6354
3998 7103
6617 8927
6533 9514
7540 416
8773 2774
5108 2104
5040 4514
2709 3416
9603 2745
9080 6042
4731 7448
6218 8001
6570 4329
1726 2184
7805 2772
272 1280
9018 3584
9256 8606
7318 7016
5513 7089
6303 1686
8607 4543
5263 6500
4205 7537
8787 1281
9567 362
1142 7687
2507 1290
1941 6383
4465 823
7667 2683
8073 588
9455 2179
7418 8831
9662 4393
6184 6400
2505 4585
9085 8558
8527 4532
8488 120
5200 6120
7098 6522
7701 4217
2465 1358
8046 5836
4452 4897
6731 2484
8876 3136
7755 4431
9238 2581
2458 4157
7062 8956
2891 8825
2902 371
8698 7908
8522 1653
3987 1280
6513 1273
113 9351
2347 8764
502 7693
6571 6880
3258 4200
2119 4006
46 912
9783 1028
1716 2849
5090 2699
8730 9100
7833 3473
848 1689
7160 8729
6388 1978
8159 422
9064 917
1748 5991
3717 4235
6055 9148
2800 9146
4707 9965
4231 1662
1741 4741
1095 9790
7937 4246
8475 9604
536 5221
3888 30
2564 5210
4049 5317
2320 2304
3773 927
2604 7065
8909 9038
6004 5628
1314 3431
5147 6200
2115 6411
3715 5265
4324 8522
8982 8653
6967 6243
8835 8265
2142 3858
2778 8430
2564 1788
2050 8683
4349 8146
4696 2268
3545 9416
4102 4040
2717 8151
275 1766
1933 8202
7101 7192
3836 334
5349 4805
2107 641
4884 9937
278 9812
6363 1226
4670 9366
4044 6406
2098 6825
4602 8180
6466 6061
2338 2722
6141 6250
60 3500
8862 9056
4212 1834
5170 3317
5457 7996
1259 4969
7424 4976
3647 9342
1063 7879
6872 8292
1702 6484
584 7720
2203 3283
5939 8639
1820 9340
6021 6576
3796 4852
714 5642
1969 176
7264 5493
2151 9021
372 9071
2161 4211
2424 8629
2910 3381
6052 6243
2874 3643
4224 9861
5764 9797
241 2149
8259 18
6902 2429
3007 8385
8421 8885
5898 9556
9746 357
7335 9814
8069 3136
4614 1193
648 1544
2670 1301
3737 7185
2455 6204
5207 8711
3147 4101
9718 2549
2195 5573
1918 2826
4115 5588
8078 177
5281 6428
4788 47
7501 7756
2520 6450
4627 1597
4997 469
1623 5864
9539 9389
4309 2292
2930 6145
2529 7222
6519 949
7465 6720
3011 2960
5987 9226
5379 2635
4297 6937
481 1009
9171 5664
5951 2440
2524 1842
1035 1306
3268 2614
1263 5944
7 793
625 8291
9262 8223
3401 8698
9775 1383
9435 9138
3606 2212
978 7596
9704 1453
4765 6640
175 4924
9558 5706
6915 42
572 3007
3659 6323
7260 7339
6405 5267
6703 3352
412 3343
8736 9080
3339 1283
1729 6536
625 5272
1052 7106
2761 9687
5701 4323
9342 9781
8803 6670
7431 7953
6926 3352
7550 4824
150 321
7130 6507
6479 5183
590 4889
5446 301
6924 5545
390 449
324 8435
8534 905
9213 9914
1061 6235
3744 4516
1404 8158
3763 3079
1752 6403
9956 9628
6922 4508
8967 8131
9653 1778
4851 3136
6055 4529
6135 7010
4731 6835
7359 8698
1346 2469
206 5189
953 8564
4667 4391
5386 7481
340 4611
2007 6029
9826 6820
3057 797
1278 1206
7668 4274
6541 6274
7669 7320
7310 8821
5 6149
548 5433
1365 2129
988 6024
3841 8001
7473 6436
2525 11
8870 8524
7374 9737
5168 3486
3055 8230
1948 13
2939 6420
9061 2583
5486 4045
7968 4163
7481 2337
3616 6606
3575 3456
9285 7483
5105 4181
3439 8214
1955 9817
9738 8264
8608 7922
3460 7129
2057 6236
4579 2849
2857 2010
2170 7348
6874 3893
468 7095
419 2396
6599 1168
6858 6379
9078 5902
2000 4228
1954 1124
17 6091
4420 9588
6301 6932
1553 9695
9267 3398
6629 9790
4619 521
8225 8013
8229 4914
6983 9784
4567 2290
5318 8172
2160 2549
6144 1373
2293 3008
2635 9755
1929 9040
3799 7584
9009 4901
872 5336
1384 9370
9354 3295
4537 6941
8269 9614
7585 4520
4297 7149
2974 9750
9629 483
7624 6766
2763 5993
9222 2612
7270 5757
7077 317
5293 7380
1581 3433
6229 3053
2939 1575
7153 5362
3829 4268
2471 7389
8883 1113
6302 9689
7072 6753
445 3309
1710 5405
7503 9057
8640 5735
1211 1057
9922 9339
1754 6040
7265 8041
2601 7456
1018 3508
818 455
7439 9371
3587 9273
5127 3335
9531 3947
8888 6623
1366 1528
361 3364
6969 9890
720 7514
9795 1429
123 4149
3189 7730
9685 8284
6436 3031
3571 4609
9762 8805
7692 1160
2326 8513
6815 1139
9953 6084
2283 8871
5695 4332
6918 4639
2459 9703
9710 7246
8602 1173
9469 5129
5359 189
48 3970
7997 8155
3339 8160
2364 876
6375 9249
2149 4474
4457 2402
9077 4320
560 9723
475 4459
9896 6839
2329 393
7560 9602
4410 3983
1395 5205
2675 611
6452 980
9144 7078
5867 8584
2219 9375
5659 1173
3502 6256
8922 8912
2570 2893
2099 1172
168 2611
4891 1791
4779 6823
5438 3217
8586 1365
9548 5222
2262 6682
9872 416
7282 2224
9046 4049
7688 7006
3612 2059
5258 7040
5258 3251
3345 9155
9161 1818
9143 4078
4501 8893
4592 5552
5694 9225
1547 1580
6888 5175
1803 4348
3344 4194
1002 6083
443 4721
2690 742
9386 1122
4056 155
827 8678
4591 8868
5399 8593
323 8871
3503 5323
6401 8899
8328 4438
4816 7474
1030 2848
9769 2629
6136 5024
376 7737
4728 962
1541 9461
5798 2818
6214 3496
1386 7810
554 6230
2574 853
1054 7656
5319 7596
4167 8362
9718 6532
8709 7411
8818 290
6359 9359
5762 8824
3524 1784
598 5913
6605 5851
9709 2264
1425 7009
8306 4104
1291 4969
2865 9479
4633 4620
8355 7169
2663 3401
8376 1047
6050 2521
1921 2638
1283 6899
4957 5069
2341 4313
6558 989
7201 3764
9791 2652
5181 5860
7309 1019
8457 5343
9085 9698
4520 1358
4083 1130
1163 1705
7166 18
9894 7438
5615 1929
5279 9065
3067 2179
2424 9097
4365 1224
9667 8833
1036 7764
3596 3346
7897 3257
5695 2350
8396 7065
4981 1036
3483 5475
2968 7459
8793 4319
7251 8005
987 6648
7608 9883
8857 6327
5683 1144
7553 9908
3273 8551
1899 9154
2758 8441
5712 9244
2004 51
6303 4552
7551 8409
5916 4178
3857 1427
8251 3990
2051 9518
4422 8717
8395 8181
6187 6496
9821 7356
7056 8943
7351 4214
3693 5895
8181 6467
7027 2189
7292 7639
41 8497
6213 3134
4949 2159
9262 9427
131 1858
8600 2985
172 2448
501 590
2266 3154
5002 3294
2361 6172
5903 9139
1980 3893
5678 6291
4604 3301
2019 2610
8151 9091
4620 4506
9027 4265
493 3244
8088 4750
3134 8634
8783 432
8188 700
4719 4182
5255 6378
1994 545
9410 2579
4491 8858
2117 7120
2887 2259
1652 3987
434 7082
6766 989
6548 7872
7981 7663
8834 6373
1825 5921
5272 2119
3003 7375
9163 6817
9791 6604
8103 7796
4114 4292
6037 928
8981 1582
9791 6502
1302 440
7863 333
9953 9907
9249 2478
6145 4755
1923 3155
9139 4376
4535 440
2285 7536
396 2163
6758 8148
6113 2229
2066 605
755 5100
2211 9317
9986 6206
4334 2629
9421 9294
9175 301
2663 8045
327 5013
5973 7836
2197 1701
2991 163
6141 2476
3735 7711
5113 4155
3677 4213
7459 2068
6186 4395
2674 6287
8555 4641
1611 4155
820 5911
333 825
8843 5403
9753 310
3293 5220
4611 6016
9204 8585
8090 2552
7061 5043
3779 4749
5007 1325
9492 5009
9571 2817
9299 5578
4240 7125
4995 5210
9562 120
1588 3915
4351 2739
7576 1539
6905 1516
5566 9047
3869 5107
9577 207
3806 5587
9391 9482
3951 4078
9966 5911
3862 9920
839 789
5042 9903
7932 7729
8872 1843
6696 3834
5889 3064
4172 3186
4543 3351
3625 6986
2636 867
9609 4515
3038 1830
2995 1403
8306 9553
8446 6920
3265 8968
7361 6470
7803 8189
2555 2211
5560 5096
8807 4075
3156 2230
1849 9072
4992 9568
3182 6828
5859 5033
1784 6449
4764 2424
2999 1788
6627 5040
1233 1485
6355 4345
8457 1969
1328 2002
9188 1180
9265 2995
7659 3484
9565 2801
2190 4280
3735 5367
9669 5736
885 2983
3661 4922
756 7912
2883 8929
6298 6156
5843 4164
3573 1278
3550 5437
269 7019
7285 3989
6258 7031
8794 5721
1920 5802
1726 6919
9131 7048
5949 5634
5631 9967
8488 5083
8825 5783
6127 9002
4168 118
4198 4638
1553 3455
7540 7314
7828 9943
6673 5182
5254 4974
5952 8152
2707 283
9466 4751
1595 3790
1465 3943
8180 8266
2592 9291
3900 2933
3921 3056
7128 453
7197 9323
7191 555
4754 6028
8576 3085
7780 3842
7455 152
7140 7074
3128 9145
4456 1492
7647 1989
5932 9787
8166 9331
3186 5781
8623 355
2197 7994
2473 641
1960 9819
3254 9274
5973 2649
6131 2848
9974 3313
65 208
8765 7579
9514 7485
1536 6975
5013 9344
4003 4166
406 8062
5765 1036
8387 9604
3772 3929
7222 9390
7793 7772
2401 5466
5647 5634
5302 9677
3939 2730
1620 7684
8923 9682
1930 6676
5436 7348
2688 3118
4612 4038
5444 578
1114 6447
9220 625
1761 9199
4163 829
3479 3893
3845 6262
7478 7781
1878 675
8673 9878
3852 8121
8723 5546
9978 9124
6366 6664
7420 1221
9654 8182
4802 615
9334 7756
6738 2724
1156 1017
2687 8257
8266 5903
7450 2355
4583 3369
5088 7178
1076 3898
2292 3
2002 5335
2159 8183
7750 3268
9119 1832
4436 8642
6966 2331
8653 818
8976 4852
6344 6467
8599 7483
9832 6230
499 2805
559 4049
7433 4220
8014 735
9204 9239
1103 5056
1729 4485
2497 2446
3535 4329
7547 8584
9495 4079
8708 9073
1011 5813
9390 2662
3618 3769
2001 9042
6187 3759
9429 4086
3777 3126
5443 8960
3089 3265
5894 9390
5229 661
2904 9983
9493 3249
9328 5446
8751 5846
6558 4343
4222 2975
4297 2575
1426 1293
7414 623
5158 9596
9758 5705
8298 6361
54 2060
5622 4551
9902 9563
7773 3307
4140 8615
4699 6243
4223 6093
1923 9342
9915 5326
1300 3116
8280 6918
4389 5701
1178 712
4465 5907
7502 9566
8346 6221
9054 6117
2074 2658
2168 5970
5289 1095
1060 354
8596 3224
7836 7826
2654 6410
6158 4928
4359 8379
2167 1363
7550 6431
3262 134
4170 6738
5640 7726
3012 1042
4389 1627
6666 50
3985 4342
9164 2813
8229 4773
7027 2554
3637 411
7452 9700
9443 5648
2434 6905
1512 9456
1902 2040
4974 5523
4575 9121
1586 712
8098 1735
9880 1331
8560 398
8450 9796
2554 1003
4933 3971
7125 7740
3535 2139
864 3047
1701 5819
5491 2791
8985 4171
7872 6207
7487 6680
867 6235
1045 456
2189 3694
8373 2984
149 3065
7313 2847
4804 8446
673 4281
5585 2428
3551 8463
860 3728
621 7099
9257 3766
4788 711
651 7959
5251 6346
3694 6243
2975 1565
561 5182
1859 2048
2011 3090
7432 7243
3554 4407
3608 4304
9627 2115
3936 3843
2845 9956
3344 8199
9852 9289
5856 6936
6401 6731
6015 3847
3259 2362
8403 9096
3610 9382
2944 5159
8808 8752
9616 2605
7021 5957
2339 1431
9891 6857
9333 8115
1491 6912
680 4731
5928 7368
6532 5184
6435 4744
119 9628
665 4994
7924 3225
5117 6583
807 5727
1430 9875
340 8702
708 5981
2451 6739
4914 6711
3211 289
6613 1789
576 5731
4238 1198
9741 7124
9595 6760
4104 9182
9513 2207
2355 4306
8473 5504
5050 7849
6404 5194
6474 9987
7810 1458
1187 7556
7428 6926
3471 1043
4724 2255
5032 217
5673 5304
543 2788
2686 9797
4199 7831
8861 9947
6966 4571
780 7679
2613 9522
5705 8141
4916 7251
2443 2864
3793 5282
4653 1493
264 4284
8533 5271
5994 3889
8682 909
6390 808
4432 9727
1770 5271
7482 5219
8393 9699
9233 5131
1588 2190
7698 6608
1684 1190
1858 5427
1340 1645
9111 4893
474 1412
5005 2659
8143 7065
1549 1451
7123 4284
8911 9731
1821 4680
4564 7708
4619 833
4031 5753
5392 249
6640 779
7503 8852
9843 9011
7396 9061
5325 4862
422 773
5367 5574
9596 504
7580 2734
5906 5829
3498 404
2962 2356
7512 6118
4625 2312
1330 8360
5690 9740
7759 9517
6919 8911
7258 3919
4887 5839
723 2034
1101 8981
2322 6214
5958 1803
1235 490
1339 922
5071 9967
1165 4558
6264 3962
914 3372
675 1603
6087 9137
8208 7432
2600 9422
1663 6973
5725 8845
2330 7785
7077 1988
9096 417
3880 1857
525 4798
3276 6114
8284 2842
8762 3488
1102 5482
8130 1895
746 3428
3337 4393
3001 3904
8370 8271
5847 8540
1795 2789
4697 2346
2768 7170
4226 3829
3700 7266
6722 7234
7767 1515
4667 1328
4850 1310
1908 1946
6549 6858
1255 6928
2644 1728
9962 5339
5565 7655
4578 5106
9783 1141
1677 909
7574 420
1405 9277
9550 817
634 7049
9664 254
408 8508
9360 3703
4113 8164
4317 6400
6060 6249
2216 4699
6359 5837
9163 5449
8963 6305
2369 1179
1677 8752
1821 7790
4986 1500
3347 8317
6575 864
4025 6245
4437 9957
1611 4516
2489 9868
7447 9503
906 7001
3620 6900
4536 329
6540 2270
1701 5133
7084 6797
1471 8648
4345 9553
854 3037
9965 1582
3687 950
6883 3035
2798 7669
2566 7230
5239 7717
7177 3753
5060 7256
3061 6010
9945 4657
1110 8000
4363 854
7479 1978
1056 8942
9300 6097
9137 9774
7814 5140
7198 757
2247 8739
1568 4051
1730 7134
153 7203
7276 9553
3756 1130
2607 1952
1660 7077
2766 2689
443 8011
7400 7606
3595 3085
4573 3651
47 2727
9807 7464
850 9473
5727 7406
6339 9369
1379 450
3967 9458
6251 4357
2319 925
507 9633
2675 7489
507 6135
5857 3461
5479 3009
8768 1767
4526 7559
7564 6105
5982 7678
7201 5520
7166 2166
7898 573
4887 2345
235 6994
7583 4820
6103 942
7308 1202
4482 6318
7729 5136
1214 3084
6219 9354
1865 9024
3292 7378
4044 1860
41 2166
9356 8421
4218 2269
7093 4479
8284 1100
7814 3092
4217 1061
7869 2153
2973 4638
8333 2971
8561 9632
1685 7519
204 5208
9590 6960
7380 3752
8258 9951
3013 5565
6891 5279
8608 8945
2621 9157
6911 7923
2083 8223
3758 350
6480 7459
2525 9803
8109 6316
4960 8511
9033 5919
5936 8236
3008 9717
6497 3732
8174 8011
7864 4752
2422 1396
1686 1591
410 1757
5597 6822
2987 7022
141 6760
5187 5349
1454 799
9942 9386
985 962
8773 5962
3776 6615
3382 3204
4447 5054
1323 4728
4029 2253
7609 7096
366 8644
5999 1105
5593 9306
6369 5167
3008 4285
7275 3106
5766 7797
932 5807
6597 6254
8873 8638
4545 5104
6235 7528
3649 7430
4119 1611
9402 6077
2409 8787
3921 6495
3481 5895
1469 4374
4435 7724
9044 1971
1127 998
9925 2564
3321 4834
6328 7796
1984 563
6833 3687
8101 3149
6240 2773
5737 4302
2664 5630
5583 3664
45 5192
3371 6454
2807 9317
